2 0.671094 0.100521 0.03125 0.0239583
1 0.203516 0.710417 0.0226563 0.0520833
2 0.214844 0.138021 0.009375 0.0135417
2 0.262891 0.676562 0.0445312 0.0739583
2 0.219531 0.154687 0.0109375 0.015625
2 0.814453 0.580729 0.0179687 0.0322917
2 0.264453 0.165104 0.0242187 0.0322917
2 0.225 0.164062 0.0140625 0.021875
2 0.235156 0.179167 0.0171875 0.025
2 0.281641 0.180208 0.0289063 0.0375
2 0.572266 0.0859375 0.0523437 0.0302083
2 0.580859 0.255729 0.107031 0.109375
2 0.251953 0.214062 0.0289063 0.0447917
2 0.416406 0.358333 0.110937 0.116667
