2 0.685547 0.806771 0.0398437 0.053125
1 0.198437 0.751562 0.0140625 0.0239583
2 0.793359 0.603125 0.0242187 0.0375
2 0.739844 0.713542 0.040625 0.075
2 0.655859 0.319792 0.0960938 0.114583
1 0.382812 0.180208 0.021875 0.025
2 0.272656 0.176563 0.0296875 0.0364583
2 0.252344 0.128646 0.0140625 0.0177083
2 0.275 0.115625 0.0171875 0.01875
2 0.228906 0.614583 0.05 0.102083
2 0.283984 0.138021 0.0242187 0.028125
2 0.309375 0.115104 0.025 0.0239583
2 0.373437 0.130208 0.046875 0.0333333
2 0.2125 0.557813 0.03125 0.0760417
2 0.665234 0.135937 0.0429688 0.0302083
2 0.3 0.283333 0.053125 0.0708333
2 0.535156 0.480208 0.117188 0.125
