3 0.207422 0.342708 0.0179687 0.0125
1 0.628516 0.893229 0.0320312 0.021875
3 0.219141 0.315104 0.0226563 0.0177083
1 0.179297 0.639063 0.0164062 0.0427083
2 0.228906 0.139583 0.0109375 0.0166667
3 0.219141 0.333333 0.0210938 0.0166667
2 0.213281 0.147917 0.0109375 0.0145833
2 0.240234 0.115625 0.0117188 0.0166667
2 0.736328 0.180729 0.0273438 0.0302083
2 0.269531 0.164583 0.028125 0.0354167
2 0.306641 0.128125 0.0367187 0.03125
2 0.253516 0.207813 0.0242187 0.0364583
2 0.381641 0.120833 0.0601562 0.0416667
2 0.573438 0.203125 0.078125 0.0583333
2 0.493359 0.130208 0.0820312 0.0479167
2 0.25 0.453646 0.05 0.107292
2 0.593359 0.279687 0.0820312 0.0822917
2 0.332422 0.55 0.0882813 0.127083
