2 0.262109 0.1625 0.0210938 0.025
3 0.766797 0.341146 0.0195312 0.021875
2 0.774609 0.503646 0.0429688 0.0760417
2 0.247656 0.154167 0.0140625 0.0208333
2 0.228906 0.139062 0.0109375 0.015625
2 0.233984 0.14375 0.0132813 0.0166667
2 0.259766 0.160938 0.0179687 0.0260417
2 0.240234 0.148438 0.0132813 0.0197917
3 0.726172 0.3 0.0179687 0.0229167
3 0.714844 0.269271 0.0171875 0.0260417
3 0.702734 0.261979 0.0210938 0.0239583
2 0.276563 0.177604 0.028125 0.0322917
2 0.278125 0.116667 0.01875 0.0208333
2 0.231641 0.285937 0.0304688 0.078125
2 0.435547 0.154167 0.0945313 0.0666667
2 0.36875 0.345313 0.090625 0.103125
