1 0.444531 0.0682292 0.015625 0.021875
2 0.460547 0.898958 0.0414063 0.0229167
2 0.227734 0.138021 0.0117188 0.015625
2 0.792578 0.658854 0.0226563 0.0322917
2 0.691797 0.560417 0.0554687 0.104167
2 0.234766 0.14375 0.0148437 0.01875
2 0.251172 0.209896 0.0304688 0.0447917
2 0.7375 0.134375 0.021875 0.0208333
2 0.255859 0.156771 0.0210938 0.0260417
2 0.241016 0.151042 0.0148437 0.0208333
2 0.689844 0.108333 0.0296875 0.0229167
2 0.272656 0.174479 0.025 0.0322917
2 0.278125 0.117188 0.01875 0.021875
2 0.212109 0.173958 0.0132813 0.0208333
2 0.203516 0.44375 0.0257812 0.0791667
2 0.598828 0.0838542 0.0523437 0.028125
2 0.390234 0.1125 0.0570313 0.0375
2 0.640625 0.109375 0.04375 0.03125
2 0.612891 0.2125 0.0460938 0.0895833
2 0.528516 0.116667 0.0757812 0.0520833
2 0.271875 0.350521 0.05625 0.111458
