1 0.727734 0.113021 0.00859375 0.0114583
3 0.689062 0.219271 0.0171875 0.0302083
3 0.7 0.236458 0.0171875 0.0291667
3 0.707031 0.167708 0.0125 0.0229167
2 0.751172 0.652604 0.0492188 0.0760417
2 0.707812 0.0645833 0.0078125 0.00833333
2 0.706641 0.0796875 0.0117188 0.0114583
2 0.688672 0.0713542 0.0117188 0.0114583
2 0.708984 0.123438 0.0164062 0.0197917
2 0.687891 0.151562 0.0367187 0.0447917
2 0.53125 0.104167 0.0546875 0.04375
2 0.562891 0.119792 0.0539063 0.05
2 0.585547 0.167708 0.0648438 0.0479167
2 0.422656 0.236979 0.09375 0.0697917
2 0.677344 0.539062 0.0890625 0.121875
2 0.725391 0.483854 0.100781 0.148958
