2 0.707422 0.065625 0.00859375 0.00833333
1 0.819141 0.729167 0.0132813 0.0291667
4 0.688281 0.152083 0.0375 0.0458333
2 0.703125 0.0713542 0.009375 0.0114583
2 0.626562 0.0807292 0.028125 0.021875
2 0.680469 0.0713542 0.0140625 0.015625
2 0.260547 0.222917 0.0226563 0.0291667
2 0.618359 0.100521 0.0367187 0.0322917
2 0.308984 0.623958 0.0507812 0.104167
2 0.363672 0.197917 0.0601562 0.0604167
2 0.524219 0.111458 0.053125 0.0375
2 0.574609 0.118229 0.0492188 0.0427083
2 0.478516 0.195312 0.0773437 0.0760417
2 0.70625 0.469271 0.0859375 0.128125
2 0.48125 0.309896 0.101562 0.126042
