4 0.219141 0.379687 0.0414063 0.0385417
1 0.793359 0.633333 0.0273438 0.06875
2 0.5375 0.0270833 0.0125 0.0125
2 0.235938 0.296354 0.0296875 0.034375
2 0.696484 0.142188 0.0210938 0.0260417
4 0.682422 0.160938 0.0382813 0.0489583
2 0.281641 0.229167 0.0289063 0.0333333
2 0.710547 0.123958 0.0179687 0.0208333
2 0.639063 0.0958333 0.0296875 0.025
2 0.596875 0.113542 0.040625 0.0333333
2 0.626172 0.151042 0.0429688 0.0416667
2 0.490625 0.125521 0.0640625 0.0510417
2 0.497266 0.190625 0.0617188 0.0708333
