1 0.813672 0.730208 0.0164062 0.0354167
2 0.677734 0.761458 0.0523437 0.0583333
1 0.667188 0.0838542 0.0109375 0.0177083
2 0.707812 0.0661458 0.009375 0.009375
2 0.691406 0.075 0.0125 0.0145833
2 0.259766 0.234375 0.0242187 0.03125
2 0.710156 0.09375 0.0140625 0.0166667
2 0.709766 0.123958 0.0164062 0.0208333
2 0.695703 0.142188 0.0210938 0.0260417
2 0.623828 0.1 0.0335938 0.025
2 0.327734 0.208854 0.0507812 0.0489583
2 0.497266 0.320312 0.0585938 0.144792
2 0.56875 0.126042 0.0515625 0.0458333
2 0.708594 0.464583 0.0796875 0.120833
2 0.694531 0.563542 0.08125 0.114583
