2 0.665625 0.771875 0.05625 0.0541667
1 0.51875 0.0171875 0.0125 0.0114583
3 0.253906 0.257812 0.015625 0.021875
3 0.710156 0.350521 0.0234375 0.028125
1 0.669141 0.0734375 0.0132813 0.0239583
2 0.707031 0.0645833 0.0109375 0.0125
2 0.817969 0.718229 0.0171875 0.034375
2 0.687891 0.151042 0.0382813 0.0458333
2 0.279687 0.409896 0.0515625 0.0697917
2 0.4625 0.211979 0.1 0.0677083
2 0.804688 0.663021 0.0234375 0.046875
2 0.552734 0.130208 0.0539063 0.04375
2 0.290234 0.280208 0.0585938 0.0520833
2 0.781641 0.586979 0.0476562 0.0822917
2 0.723828 0.480729 0.0726563 0.109375
