2 0.703516 0.0630208 0.00703125 0.00729167
2 0.707422 0.0640625 0.00859375 0.00729167
3 0.721875 0.15 0.009375 0.01875
2 0.70625 0.0713542 0.009375 0.009375
3 0.679688 0.296875 0.025 0.03125
2 0.734766 0.113542 0.0195312 0.0208333
2 0.718359 0.0880208 0.0117188 0.0114583
2 0.753516 0.649479 0.0460938 0.0739583
3 0.683594 0.317708 0.0234375 0.03125
3 0.660937 0.278125 0.021875 0.0291667
2 0.687891 0.15 0.0382813 0.04375
2 0.274219 0.231771 0.0265625 0.0302083
2 0.581641 0.446875 0.0976562 0.116667
2 0.746094 0.530729 0.0546875 0.0947917
2 0.600781 0.235417 0.05 0.0875
