1 0.728125 0.113542 0.0078125 0.0125
2 0.533594 0.730729 0.078125 0.059375
2 0.719922 0.0765625 0.00859375 0.0114583
3 0.727344 0.133854 0.009375 0.0177083
2 0.726562 0.0848958 0.0078125 0.009375
1 0.686328 0.304167 0.0242187 0.03125
3 0.675781 0.270833 0.0234375 0.0333333
2 0.558594 0.0973958 0.04375 0.028125
2 0.687891 0.151042 0.0367187 0.04375
2 0.709375 0.123438 0.0171875 0.021875
2 0.562891 0.121354 0.0539063 0.0489583
2 0.608594 0.104687 0.0359375 0.0322917
2 0.725781 0.615625 0.059375 0.0875
2 0.503516 0.118229 0.0601562 0.0510417
2 0.418359 0.290625 0.0851562 0.0791667
