2 0.706641 0.0645833 0.00859375 0.00833333
2 0.241797 0.301042 0.0351562 0.0395833
2 0.246875 0.241667 0.01875 0.01875
1 0.668359 0.0838542 0.0132813 0.015625
2 0.719531 0.0901042 0.009375 0.0114583
2 0.707812 0.0651042 0.009375 0.009375
2 0.717578 0.478646 0.0789063 0.132292
4 0.688281 0.152083 0.0375 0.0458333
2 0.644922 0.075 0.0226563 0.01875
2 0.689453 0.101562 0.0164062 0.0177083
2 0.69375 0.0802083 0.0125 0.0145833
2 0.708984 0.0958333 0.0117188 0.0145833
2 0.625391 0.155729 0.0398437 0.0489583
2 0.560938 0.0932292 0.0453125 0.034375
2 0.34375 0.2125 0.0609375 0.05625
2 0.301562 0.470313 0.05625 0.128125
2 0.532422 0.144271 0.0664062 0.0614583
