2 0.2 0.377604 0.0140625 0.0260417
2 0.707812 0.065625 0.009375 0.00833333
2 0.740234 0.120312 0.0117188 0.0135417
3 0.719922 0.171875 0.0117188 0.0208333
1 0.667969 0.0838542 0.0140625 0.0197917
2 0.217187 0.379687 0.03125 0.040625
2 0.715625 0.078125 0.009375 0.0104167
2 0.709766 0.123958 0.0164062 0.0208333
2 0.704297 0.0984375 0.0148437 0.015625
2 0.657031 0.127604 0.0328125 0.034375
2 0.696094 0.142708 0.021875 0.025
2 0.414062 0.466667 0.0875 0.18125
2 0.472266 0.184896 0.0679687 0.0802083
