3 0.813281 0.820833 0.0109375 0.0125
3 0.844141 0.786458 0.0132813 0.0125
2 0.682422 0.161458 0.0382813 0.05
4 0.682422 0.160938 0.0382813 0.0489583
2 0.696875 0.142708 0.021875 0.0270833
1 0.560938 0.138542 0.021875 0.0270833
2 0.5375 0.0276042 0.0125 0.0114583
2 0.697656 0.0817708 0.015625 0.0177083
2 0.709766 0.123958 0.0179687 0.0229167
2 0.278516 0.290625 0.0523437 0.0479167
2 0.654688 0.0911458 0.0296875 0.028125
2 0.599609 0.104687 0.0507812 0.0427083
2 0.466406 0.226042 0.121875 0.0833333
