1 0.193359 0.399479 0.0273438 0.0510417
3 0.372266 0.0421875 0.0117188 0.028125
3 0.376563 0.0416667 0.0125 0.0270833
2 0.126563 0.492708 0.009375 0.0145833
2 0.883594 0.423958 0.0078125 0.0145833
1 0.248047 0.642187 0.0320312 0.0302083
2 0.137891 0.538021 0.0195312 0.0239583
2 0.134766 0.475521 0.0101562 0.021875
3 0.332031 0.175521 0.0203125 0.0322917
2 0.417578 0.802604 0.0585938 0.105208
2 0.250781 0.5125 0.065625 0.0645833
2 0.708984 0.209896 0.0710938 0.0614583
2 0.714063 0.279687 0.0796875 0.0697917
