2 0.539453 0.0541667 0.0257812 0.0166667
2 0.505078 0.0364583 0.0132813 0.0125
2 0.233203 0.543229 0.0851562 0.0885417
2 0.146094 0.484375 0.0171875 0.0416667
2 0.164453 0.427083 0.0164062 0.0354167
2 0.182812 0.390104 0.0203125 0.046875
2 0.155859 0.451042 0.0132813 0.0333333
2 0.214453 0.33125 0.0304688 0.0625
2 0.535156 0.0625 0.0328125 0.025
2 0.805859 0.305208 0.0289063 0.0416667
2 0.745703 0.180208 0.0414063 0.0375
2 0.393359 0.327604 0.116406 0.096875
2 0.249609 0.281771 0.0398437 0.0614583
2 0.750391 0.213542 0.0445312 0.04375
2 0.294531 0.232292 0.053125 0.0708333
2 0.657812 0.172396 0.0765625 0.0489583
