4 0.232422 0.543229 0.0867188 0.0885417
2 0.232422 0.54375 0.0867188 0.0895833
2 0.144141 0.49375 0.0117188 0.025
2 0.164062 0.426562 0.0171875 0.0364583
2 0.135156 0.566146 0.0078125 0.015625
2 0.155469 0.451042 0.0140625 0.0333333
2 0.214062 0.33125 0.0296875 0.0625
2 0.140625 0.540104 0.009375 0.0197917
2 0.182812 0.390104 0.021875 0.046875
2 0.15625 0.485417 0.015625 0.0375
2 0.534375 0.0625 0.0328125 0.025
2 0.221875 0.363021 0.0359375 0.065625
2 0.746484 0.180208 0.0414063 0.0395833
2 0.25 0.281771 0.0390625 0.0614583
2 0.694922 0.185937 0.0664062 0.053125
2 0.421875 0.182812 0.103125 0.084375
2 0.294531 0.232292 0.053125 0.0708333
