2 0.133984 0.568229 0.00703125 0.0135417
2 0.505859 0.0369792 0.0132813 0.0114583
4 0.234375 0.542708 0.0828125 0.0875
2 0.144922 0.491667 0.0117188 0.025
2 0.233984 0.543229 0.0835937 0.0885417
2 0.539844 0.0552083 0.025 0.01875
2 0.155859 0.451042 0.0132813 0.0333333
2 0.182812 0.389583 0.0203125 0.0479167
2 0.157422 0.488542 0.0148437 0.0333333
2 0.214062 0.330208 0.0296875 0.0645833
2 0.534766 0.0625 0.0320312 0.025
2 0.745703 0.180729 0.0414063 0.0385417
2 0.566016 0.158333 0.0929687 0.05
2 0.25 0.28125 0.040625 0.0625
2 0.294922 0.232292 0.0539063 0.0708333
