2 0.232031 0.543229 0.0875 0.090625
2 0.5375 0.0536458 0.0265625 0.015625
2 0.145313 0.485417 0.015625 0.0395833
2 0.148047 0.573958 0.0164062 0.03125
2 0.505078 0.0369792 0.0132813 0.0114583
4 0.231641 0.543229 0.0882813 0.0885417
2 0.164844 0.426562 0.0171875 0.0364583
2 0.182031 0.390104 0.021875 0.046875
2 0.155859 0.451562 0.0132813 0.034375
2 0.534766 0.0625 0.0320312 0.025
2 0.214453 0.331771 0.0304688 0.0614583
2 0.608203 0.265625 0.124219 0.0708333
2 0.745703 0.180729 0.0414063 0.0385417
2 0.294531 0.232292 0.053125 0.0708333
2 0.25 0.281771 0.0390625 0.0614583
