2 0.74375 0.179688 0.0453125 0.0364583
4 0.202734 0.564062 0.146094 0.132292
2 0.505859 0.0364583 0.0132813 0.0125
2 0.540234 0.0557292 0.0257812 0.0197917
2 0.164453 0.427083 0.0164062 0.0375
2 0.182812 0.390625 0.0203125 0.0479167
2 0.148047 0.513542 0.0117188 0.0270833
2 0.155859 0.451042 0.0132813 0.0333333
2 0.534766 0.0625 0.0320312 0.025
2 0.214062 0.33125 0.0296875 0.0625
2 0.724609 0.191146 0.0710938 0.0572917
2 0.249609 0.280729 0.0398437 0.0635417
2 0.294922 0.232292 0.0539063 0.0708333
