2 0.539062 0.0567708 0.028125 0.021875
2 0.508984 0.0380208 0.0210938 0.0197917
2 0.164062 0.426562 0.015625 0.0364583
2 0.148828 0.478125 0.0117188 0.0291667
2 0.182422 0.390104 0.0210938 0.046875
2 0.150781 0.564583 0.0125 0.025
2 0.214062 0.331771 0.0296875 0.0614583
2 0.535156 0.0630208 0.0328125 0.0239583
2 0.155859 0.452083 0.0132813 0.0333333
2 0.346094 0.227083 0.110937 0.108333
2 0.746094 0.180208 0.040625 0.0395833
2 0.294531 0.232292 0.0515625 0.0708333
2 0.250391 0.280729 0.0398437 0.0635417
