2 0.537891 0.0541667 0.0257812 0.0166667
4 0.233984 0.543229 0.0835937 0.0864583
2 0.505078 0.0364583 0.0132813 0.0125
2 0.164453 0.426562 0.0179687 0.0364583
2 0.182422 0.390625 0.0210938 0.0479167
2 0.15625 0.452083 0.0140625 0.0333333
2 0.534766 0.0630208 0.0320312 0.0239583
2 0.214453 0.33125 0.0304688 0.0625
2 0.745703 0.180729 0.0414063 0.0385417
2 0.783203 0.230729 0.0398437 0.0447917
2 0.25 0.280208 0.040625 0.0625
2 0.294922 0.232292 0.0523437 0.0708333
2 0.615234 0.158333 0.0820312 0.0520833
2 0.309375 0.259896 0.075 0.0927083
