4 0.232422 0.543229 0.0867188 0.0885417
2 0.133984 0.569792 0.00546875 0.0125
2 0.232812 0.543229 0.0859375 0.0885417
2 0.151562 0.568229 0.0125 0.021875
2 0.164453 0.426562 0.0164062 0.0364583
2 0.182422 0.390104 0.0210938 0.046875
2 0.155859 0.451562 0.0132813 0.034375
2 0.534766 0.0630208 0.0320312 0.0260417
2 0.214062 0.33125 0.0296875 0.0625
2 0.294922 0.23125 0.0523437 0.06875
2 0.304688 0.263021 0.0875 0.103125
2 0.778125 0.235417 0.0375 0.0416667
2 0.745703 0.180729 0.0414063 0.0385417
2 0.250391 0.28125 0.0398437 0.0625
