2 0.133594 0.569792 0.00625 0.0145833
2 0.505469 0.0375 0.0125 0.0104167
2 0.539844 0.0552083 0.0265625 0.01875
2 0.164453 0.426562 0.0179687 0.0364583
2 0.234375 0.542188 0.0828125 0.0885417
2 0.534766 0.0630208 0.0320312 0.0239583
2 0.182422 0.390625 0.0210938 0.0479167
2 0.155469 0.451562 0.0140625 0.034375
2 0.214062 0.33125 0.0296875 0.0625
2 0.746094 0.18125 0.040625 0.0375
2 0.25 0.28125 0.0390625 0.0625
2 0.779297 0.232812 0.0351562 0.0385417
2 0.225 0.445833 0.0453125 0.075
2 0.727344 0.200521 0.053125 0.046875
2 0.294922 0.232292 0.0539063 0.0708333
2 0.358984 0.344792 0.102344 0.1
