2 0.14375 0.49375 0.0109375 0.0229167
2 0.182422 0.389583 0.0210938 0.0479167
2 0.232812 0.542708 0.0859375 0.0875
2 0.505469 0.0369792 0.0125 0.0114583
2 0.539453 0.0557292 0.0242187 0.0177083
2 0.155859 0.451562 0.0132813 0.0322917
2 0.162109 0.479167 0.0148437 0.03125
2 0.214062 0.330729 0.0296875 0.0635417
2 0.534766 0.0625 0.0320312 0.025
2 0.785156 0.234375 0.0359375 0.0416667
2 0.746094 0.180729 0.040625 0.0385417
2 0.25 0.28125 0.040625 0.0625
2 0.399609 0.310937 0.130469 0.101042
2 0.294531 0.231771 0.053125 0.0697917
