2 0.505078 0.0354167 0.0132813 0.0145833
2 0.233594 0.542708 0.084375 0.0875
2 0.165234 0.426562 0.0164062 0.0364583
2 0.182422 0.389583 0.0210938 0.0479167
2 0.214453 0.33125 0.0289063 0.0625
2 0.141797 0.542188 0.00859375 0.0197917
2 0.148438 0.515625 0.009375 0.0229167
2 0.155859 0.451562 0.0132813 0.0322917
2 0.534766 0.0630208 0.0320312 0.0260417
2 0.746484 0.180208 0.0398437 0.0395833
2 0.203125 0.395312 0.0265625 0.059375
2 0.728906 0.197396 0.053125 0.0447917
2 0.25 0.281771 0.0390625 0.0614583
2 0.376172 0.216146 0.0914062 0.084375
2 0.294141 0.231771 0.0523437 0.0697917
