4 0.804297 0.246875 0.0320312 0.04375
2 0.145313 0.484375 0.0171875 0.0416667
2 0.539453 0.0541667 0.0257812 0.0166667
2 0.505469 0.0364583 0.0140625 0.0125
4 0.233203 0.542708 0.0851562 0.0875
2 0.164062 0.427083 0.0171875 0.0375
2 0.182422 0.390104 0.0210938 0.046875
2 0.155859 0.451562 0.0132813 0.034375
2 0.534375 0.0625 0.0328125 0.025
2 0.214453 0.33125 0.0304688 0.0625
2 0.745703 0.180729 0.0414063 0.0385417
2 0.249609 0.280729 0.0398437 0.0635417
2 0.294531 0.232292 0.053125 0.0708333
2 0.619922 0.28125 0.117969 0.127083
