4 0.672656 0.399479 0.104687 0.096875
1 0.728125 0.154687 0.0203125 0.0260417
2 0.150391 0.327604 0.0148437 0.021875
2 0.123047 0.380208 0.00703125 0.0145833
1 0.6625 0.316667 0.0328125 0.0333333
2 0.132812 0.413021 0.0109375 0.0197917
2 0.830469 0.479167 0.0125 0.025
2 0.15 0.355208 0.0125 0.0229167
2 0.150391 0.4125 0.0179687 0.025
2 0.133594 0.390104 0.0109375 0.0197917
2 0.145703 0.452083 0.0164062 0.0291667
2 0.823828 0.417708 0.0164062 0.0333333
2 0.668359 0.266667 0.0648438 0.0645833
2 0.814844 0.463021 0.0171875 0.0322917
2 0.330078 0.119792 0.0351562 0.0416667
2 0.74375 0.383333 0.0453125 0.0604167
2 0.789062 0.421354 0.03125 0.0489583
2 0.370703 0.815104 0.0476562 0.0822917
2 0.330859 0.805208 0.0460938 0.0770833
