2 0.132812 0.385417 0.0125 0.0208333
2 0.123047 0.440104 0.0101562 0.0177083
2 0.155859 0.411458 0.0164062 0.0270833
2 0.129297 0.415625 0.0132813 0.0229167
2 0.371484 0.896875 0.0320312 0.0520833
2 0.142969 0.413542 0.0140625 0.025
1 0.334766 0.258333 0.0351562 0.0270833
2 0.345703 0.892708 0.0351562 0.04375
2 0.826953 0.472917 0.0148437 0.0270833
2 0.158984 0.379167 0.0179687 0.0270833
2 0.823828 0.417708 0.0164062 0.0333333
2 0.810938 0.457812 0.01875 0.034375
2 0.330078 0.119792 0.0351562 0.04375
2 0.699219 0.345833 0.065625 0.0708333
2 0.404297 0.19375 0.0898438 0.0541667
2 0.778516 0.407813 0.0367187 0.0552083
2 0.330859 0.805208 0.0460938 0.0770833
2 0.371484 0.815104 0.0476562 0.0822917
