2 0.132031 0.411458 0.0125 0.01875
4 0.721484 0.359896 0.0554687 0.0697917
1 0.728516 0.154687 0.0210938 0.0260417
2 0.135156 0.443229 0.0140625 0.021875
2 0.158984 0.381771 0.0226563 0.0322917
2 0.824219 0.475 0.015625 0.0333333
2 0.151562 0.41875 0.0203125 0.0291667
2 0.721875 0.360417 0.05625 0.0708333
2 0.823438 0.417188 0.0171875 0.034375
2 0.146875 0.459896 0.01875 0.0302083
2 0.209375 0.423958 0.0328125 0.10625
2 0.764844 0.347396 0.0421875 0.059375
2 0.340234 0.840625 0.0414063 0.0666667
2 0.283984 0.773958 0.0554687 0.108333
2 0.269922 0.543229 0.0460938 0.132292
