4 0.148828 0.319271 0.0273438 0.0427083
2 0.148828 0.319271 0.0273438 0.0427083
2 0.823828 0.417188 0.0164062 0.034375
3 0.464063 0.322396 0.015625 0.0489583
2 0.300781 0.707812 0.0625 0.136458
2 0.287891 0.776563 0.0554687 0.0885417
3 0.487109 0.292188 0.0148437 0.046875
2 0.79375 0.434896 0.0234375 0.040625
2 0.396484 0.05 0.0210938 0.01875
2 0.194531 0.550521 0.028125 0.101042
2 0.132812 0.415104 0.015625 0.021875
2 0.371484 0.0859375 0.0320312 0.0322917
2 0.419141 0.115625 0.0382813 0.0395833
2 0.340234 0.13125 0.0445312 0.05
2 0.289453 0.155208 0.0351562 0.05
2 0.325781 0.192708 0.0609375 0.08125
0 0.725781 0.295312 0.126563 0.157292
