1 0.487109 0.138542 0.0117188 0.0354167
1 0.728125 0.154167 0.0203125 0.0270833
1 0.479688 0.131771 0.0109375 0.0322917
1 0.560938 0.144271 0.0125 0.0302083
1 0.573438 0.147917 0.0140625 0.03125
1 0.502734 0.13125 0.0101562 0.0291667
4 0.329688 0.251563 0.05625 0.090625
2 0.148438 0.319271 0.028125 0.0427083
2 0.802344 0.445833 0.0265625 0.04375
2 0.224609 0.450521 0.0414063 0.117708
2 0.769141 0.404687 0.0382813 0.0572917
2 0.334766 0.134375 0.0367187 0.0479167
2 0.685938 0.335417 0.071875 0.0729167
0 0.726172 0.294271 0.127344 0.159375
