1 0.728125 0.153646 0.0203125 0.028125
3 0.333594 0.148438 0.0125 0.0260417
2 0.380078 0.841667 0.0398437 0.0666667
2 0.130469 0.372917 0.009375 0.0166667
2 0.171484 0.310937 0.0179687 0.028125
2 0.144922 0.335938 0.0117188 0.0197917
2 0.142188 0.363542 0.0125 0.0229167
2 0.391797 0.053125 0.0289063 0.0270833
2 0.30625 0.127083 0.0375 0.0479167
2 0.323047 0.128646 0.0382813 0.046875
2 0.360547 0.0802083 0.0304688 0.03125
2 0.564844 0.571354 0.101562 0.0822917
2 0.430078 0.430729 0.127344 0.0802083
2 0.415625 0.332292 0.114063 0.075
