2 0.779297 0.468229 0.0632813 0.0677083
2 0.380078 0.841667 0.0382813 0.0666667
1 0.728125 0.153646 0.0203125 0.028125
2 0.139453 0.414583 0.0148437 0.0229167
3 0.475781 0.123958 0.0109375 0.0291667
2 0.596875 0.282292 0.1 0.08125
2 0.133594 0.447396 0.015625 0.028125
2 0.391797 0.0526042 0.0289063 0.0260417
2 0.245312 0.495313 0.0734375 0.0697917
2 0.323438 0.129167 0.0390625 0.0458333
2 0.305859 0.127083 0.0367187 0.0479167
2 0.362109 0.0786458 0.0304688 0.0302083
2 0.158203 0.409896 0.0226563 0.034375
2 0.678906 0.26875 0.0640625 0.0645833
2 0.536719 0.351042 0.135937 0.0875
2 0.482422 0.189063 0.0914062 0.0552083
2 0.369141 0.259375 0.0929687 0.0645833
