3 0.385547 0.129688 0.0101562 0.0260417
1 0.727734 0.154687 0.0210938 0.028125
2 0.366797 0.894271 0.0367187 0.046875
2 0.651953 0.484896 0.0945313 0.0802083
4 0.785156 0.36875 0.0671875 0.108333
4 0.149219 0.319792 0.028125 0.04375
4 0.167578 0.415625 0.0320312 0.0416667
2 0.723828 0.367708 0.0695312 0.0833333
2 0.136328 0.389062 0.0148437 0.0239583
2 0.159766 0.373437 0.0226563 0.034375
2 0.25 0.289062 0.046875 0.053125
2 0.373437 0.252083 0.0984375 0.075
2 0.333594 0.818229 0.046875 0.0822917
0 0.401953 0.175 0.214844 0.104167
