2 0.117969 0.388021 0.0078125 0.0135417
2 0.834766 0.457292 0.0273438 0.0520833
2 0.108594 0.419792 0.0078125 0.0125
2 0.122656 0.380729 0.0078125 0.015625
4 0.797656 0.383333 0.0578125 0.09375
0 0.798047 0.382812 0.0585938 0.0927083
2 0.144141 0.4125 0.0148437 0.025
2 0.654297 0.316667 0.0804688 0.0729167
2 0.74375 0.378646 0.046875 0.0635417
2 0.178516 0.341667 0.0195312 0.03125
2 0.153516 0.421875 0.0195312 0.0291667
2 0.373047 0.120833 0.0398437 0.0416667
2 0.728906 0.317708 0.053125 0.0645833
2 0.632031 0.240104 0.0890625 0.071875
