1 0.728906 0.154687 0.0203125 0.0260417
2 0.815625 0.5 0.0203125 0.03125
4 0.148438 0.452604 0.0296875 0.034375
3 0.479688 0.122917 0.009375 0.0333333
2 0.671875 0.330208 0.071875 0.0729167
2 0.135547 0.4125 0.0148437 0.0229167
2 0.821875 0.469271 0.01875 0.0322917
2 0.126953 0.442187 0.0132813 0.021875
2 0.773047 0.465625 0.0398437 0.0520833
2 0.374609 0.084375 0.0335938 0.0354167
2 0.788281 0.386458 0.0265625 0.0458333
2 0.323047 0.155729 0.0429688 0.0552083
2 0.280859 0.382812 0.0679687 0.123958
2 0.527344 0.565104 0.13125 0.101042
