4 0.176172 0.466146 0.0320312 0.0489583
2 0.378125 0.904688 0.03125 0.0427083
2 0.233984 0.749479 0.0429688 0.0697917
2 0.120703 0.385417 0.00703125 0.0145833
2 0.13125 0.369271 0.0109375 0.0177083
2 0.122266 0.441667 0.00859375 0.01875
4 0.185937 0.361458 0.040625 0.04375
2 0.139844 0.446875 0.0140625 0.025
0 0.180469 0.285417 0.053125 0.0729167
2 0.144922 0.382812 0.0164062 0.0260417
2 0.378125 0.833333 0.0453125 0.0729167
2 0.352734 0.432813 0.116406 0.0802083
0 0.403516 0.179167 0.219531 0.10625
