3 0.502734 0.0666667 0.00703125 0.025
4 0.144141 0.414062 0.0273438 0.028125
1 0.728125 0.154167 0.0203125 0.0270833
2 0.674219 0.402604 0.0875 0.078125
2 0.782031 0.470833 0.0578125 0.0625
2 0.123438 0.414062 0.009375 0.015625
3 0.4625 0.122396 0.009375 0.0322917
4 0.15 0.452083 0.0265625 0.0354167
2 0.131641 0.446875 0.0132813 0.0270833
2 0.395703 0.0494792 0.0289063 0.0239583
2 0.726562 0.308854 0.046875 0.0572917
2 0.380469 0.842708 0.040625 0.0645833
2 0.666797 0.327083 0.0773437 0.0708333
2 0.364844 0.0760417 0.0296875 0.03125
2 0.323438 0.129688 0.0390625 0.046875
2 0.305859 0.127083 0.0367187 0.0479167
2 0.746094 0.379687 0.05 0.0635417
2 0.647266 0.249479 0.0726563 0.0697917
2 0.480859 0.425 0.107031 0.102083
