1 0.800391 0.405208 0.0210938 0.0375
3 0.244922 0.766146 0.0132813 0.015625
2 0.133984 0.414062 0.0148437 0.0239583
2 0.369531 0.894271 0.034375 0.0427083
2 0.39375 0.0536458 0.0234375 0.0197917
2 0.369531 0.0723958 0.03125 0.0322917
2 0.288281 0.155729 0.0375 0.0489583
2 0.697656 0.404167 0.0671875 0.0729167
2 0.220313 0.302083 0.0359375 0.08125
2 0.333594 0.427083 0.0578125 0.158333
2 0.317187 0.770833 0.053125 0.0958333
2 0.342187 0.120312 0.0421875 0.053125
2 0.263281 0.228125 0.0421875 0.075
