2 0.1375 0.383854 0.0140625 0.021875
3 0.844141 0.506771 0.0117188 0.015625
1 0.839453 0.452604 0.0101562 0.0239583
2 0.135547 0.386458 0.0132813 0.0229167
2 0.641406 0.582812 0.103125 0.0739583
2 0.125781 0.414583 0.009375 0.0166667
2 0.134375 0.3875 0.0109375 0.0208333
1 0.33125 0.652604 0.025 0.028125
2 0.747266 0.440104 0.0445312 0.0572917
2 0.116797 0.415625 0.0101562 0.0166667
2 0.151172 0.379687 0.0179687 0.0260417
2 0.368359 0.0901042 0.0351562 0.0385417
2 0.419531 0.100521 0.03125 0.0322917
2 0.177344 0.370833 0.0328125 0.04375
2 0.271875 0.269792 0.0546875 0.0541667
2 0.342969 0.839063 0.046875 0.071875
