1 0.840234 0.452604 0.0101562 0.0239583
1 0.728516 0.154687 0.0210938 0.0260417
2 0.158984 0.382292 0.0226563 0.0333333
2 0.151953 0.417708 0.0195312 0.03125
4 0.720703 0.358854 0.0554687 0.0697917
3 0.529297 0.121354 0.0101562 0.0322917
2 0.125391 0.411458 0.0148437 0.0208333
3 0.517187 0.121875 0.0140625 0.03125
2 0.775 0.411979 0.0390625 0.0614583
2 0.771094 0.469792 0.040625 0.0541667
2 0.823828 0.417188 0.0164062 0.034375
2 0.805469 0.449479 0.025 0.0385417
2 0.146484 0.459896 0.0195312 0.0302083
2 0.193359 0.439583 0.0304688 0.104167
2 0.239844 0.594792 0.053125 0.15625
2 0.611719 0.222396 0.09375 0.0760417
2 0.361719 0.20625 0.0546875 0.0791667
