2 0.823828 0.417188 0.0164062 0.034375
1 0.728516 0.154687 0.0210938 0.0260417
2 0.713281 0.427604 0.059375 0.0677083
1 0.333984 0.818229 0.0429688 0.0697917
3 0.558984 0.155208 0.0117188 0.0333333
3 0.548828 0.154167 0.0148437 0.0354167
3 0.532031 0.153646 0.0140625 0.034375
2 0.333984 0.818229 0.0429688 0.0697917
2 0.18125 0.369792 0.0328125 0.0416667
2 0.147656 0.411979 0.015625 0.0260417
2 0.172656 0.420833 0.025 0.0395833
2 0.741406 0.378125 0.053125 0.0666667
2 0.539062 0.358854 0.135937 0.096875
2 0.292188 0.146875 0.0453125 0.0604167
2 0.224219 0.297396 0.0484375 0.059375
