1 0.839453 0.452604 0.00859375 0.0239583
1 0.728125 0.155208 0.0203125 0.025
2 0.738281 0.511458 0.0421875 0.0520833
2 0.137109 0.366146 0.0117188 0.0197917
2 0.683594 0.58125 0.0640625 0.05625
2 0.147656 0.377083 0.0171875 0.025
2 0.294141 0.792708 0.0429688 0.06875
2 0.145313 0.453125 0.015625 0.0291667
2 0.367969 0.891146 0.0359375 0.053125
2 0.154687 0.344792 0.0171875 0.0270833
2 0.163281 0.378646 0.0203125 0.0302083
2 0.330469 0.119792 0.0359375 0.04375
2 0.161719 0.415104 0.0265625 0.0364583
2 0.199219 0.595312 0.0359375 0.0927083
4 0.442187 0.329688 0.154687 0.0989583
2 0.272656 0.417188 0.090625 0.0802083
2 0.33125 0.805208 0.0453125 0.0770833
2 0.371484 0.815625 0.0476562 0.0833333
2 0.250391 0.283854 0.0492188 0.0552083
2 0.483203 0.241667 0.111719 0.06875
