2 0.126563 0.376563 0.009375 0.0177083
2 0.119531 0.384896 0.009375 0.015625
2 0.805078 0.494792 0.0226563 0.0354167
1 0.728125 0.155208 0.0203125 0.025
3 0.558984 0.154167 0.0132813 0.0354167
3 0.532031 0.154167 0.0140625 0.0395833
3 0.548828 0.153646 0.0132813 0.0364583
2 0.699219 0.284375 0.065625 0.0708333
2 0.823828 0.417708 0.0164062 0.0333333
2 0.808984 0.419792 0.0195312 0.0354167
2 0.764063 0.350521 0.0359375 0.053125
2 0.333203 0.817187 0.0429688 0.0677083
2 0.457422 0.361458 0.122656 0.0770833
2 0.292188 0.146354 0.0453125 0.059375
