2 0.719922 0.500521 0.0523437 0.059375
2 0.201562 0.309896 0.0296875 0.0427083
2 0.154297 0.346875 0.0164062 0.0270833
1 0.371094 0.0588542 0.0171875 0.0177083
2 0.671484 0.403646 0.0882813 0.078125
4 0.462109 0.569271 0.152344 0.090625
2 0.286328 0.159375 0.0367187 0.0520833
2 0.153125 0.378646 0.0265625 0.0322917
2 0.744141 0.378646 0.0554687 0.078125
2 0.380078 0.834375 0.0414063 0.06875
2 0.462891 0.570312 0.152344 0.090625
2 0.315625 0.132812 0.0375 0.046875
2 0.317187 0.263542 0.0765625 0.0625
