3 0.514063 0.0078125 0.00625 0.015625
1 0.251953 0.808333 0.0210938 0.0541667
1 0.288281 0.738542 0.0265625 0.0604167
1 0.557422 0.0145833 0.0117188 0.0145833
2 0.242188 0.229687 0.0234375 0.0260417
1 0.266797 0.793229 0.0257812 0.0447917
2 0.651953 0.330729 0.110156 0.123958
2 0.212891 0.302083 0.0242187 0.0375
2 0.776953 0.507812 0.0382813 0.0697917
2 0.480078 0.0463542 0.0414063 0.0302083
2 0.790625 0.4 0.034375 0.06875
2 0.824219 0.466667 0.0265625 0.05625
2 0.386328 0.0869792 0.0414063 0.0385417
2 0.387109 0.151562 0.0554687 0.0364583
2 0.742188 0.320312 0.0578125 0.0802083
2 0.288672 0.4125 0.0570313 0.08125
