1 0.574219 0.0046875 0.0109375 0.009375
2 0.775 0.647396 0.028125 0.040625
3 0.338281 0.123438 0.0109375 0.0177083
4 0.214062 0.302604 0.0203125 0.0385417
1 0.557031 0.0145833 0.009375 0.0145833
2 0.178906 0.253646 0.00625 0.009375
2 0.260156 0.700521 0.028125 0.065625
1 0.316797 0.83125 0.0304688 0.06875
2 0.245312 0.181771 0.015625 0.0197917
2 0.226172 0.207292 0.0148437 0.01875
2 0.823828 0.466667 0.0257812 0.05625
2 0.742188 0.319792 0.05625 0.08125
2 0.790234 0.4 0.0335938 0.06875
2 0.690234 0.453125 0.0929687 0.11875
