2 0.183203 0.245312 0.00859375 0.0114583
1 0.555469 0.0161458 0.009375 0.0114583
1 0.226953 0.527604 0.0304688 0.028125
1 0.187109 0.309896 0.0132813 0.0239583
4 0.565234 0.642708 0.142969 0.11875
2 0.8375 0.515625 0.021875 0.0395833
2 0.198437 0.247917 0.0125 0.01875
2 0.565625 0.643229 0.142188 0.117708
2 0.530469 0.046875 0.034375 0.0291667
2 0.217187 0.255208 0.01875 0.025
2 0.200781 0.285417 0.0171875 0.0291667
2 0.511328 0.0203125 0.0273438 0.0197917
2 0.280859 0.283854 0.0414063 0.0489583
2 0.452344 0.0677083 0.0390625 0.03125
2 0.823828 0.466667 0.0257812 0.05625
2 0.790234 0.4 0.0335938 0.06875
2 0.241797 0.355208 0.0382813 0.0604167
2 0.742188 0.320312 0.05625 0.0802083
2 0.45625 0.408854 0.117188 0.113542
