1 0.209766 0.294792 0.0210938 0.0291667
1 0.555859 0.0151042 0.00859375 0.0135417
1 0.185937 0.305729 0.0140625 0.0322917
2 0.838281 0.516146 0.0203125 0.040625
2 0.491406 0.0244792 0.03125 0.0197917
2 0.835547 0.566146 0.0179687 0.0385417
2 0.851172 0.629167 0.0148437 0.0270833
2 0.823828 0.466667 0.0257812 0.05625
2 0.808594 0.504167 0.025 0.05625
2 0.355078 0.236458 0.0382813 0.0875
2 0.741406 0.320833 0.05625 0.0791667
2 0.390234 0.121354 0.0570313 0.0635417
2 0.790234 0.4 0.0335938 0.06875
