2 0.208984 0.220313 0.0132813 0.0197917
1 0.555469 0.0151042 0.009375 0.0135417
2 0.8375 0.516146 0.021875 0.040625
1 0.185547 0.30625 0.0148437 0.0333333
2 0.63125 0.527083 0.0828125 0.0875
2 0.25 0.344792 0.0375 0.0583333
1 0.239453 0.646354 0.0273438 0.0802083
2 0.244531 0.272396 0.028125 0.0364583
2 0.790234 0.4 0.0335938 0.06875
2 0.823828 0.466667 0.0257812 0.0541667
2 0.489062 0.0421875 0.0390625 0.028125
2 0.375391 0.0979167 0.0476562 0.0458333
2 0.301172 0.201562 0.0539063 0.0489583
2 0.741797 0.320833 0.0570313 0.0791667
