2 0.544531 0.003125 0.0109375 0.00625
2 0.8375 0.515104 0.021875 0.0427083
2 0.194531 0.236979 0.0125 0.021875
2 0.204688 0.250521 0.0125 0.0197917
2 0.539844 0.0119792 0.0171875 0.0114583
2 0.244141 0.266667 0.0289063 0.0375
2 0.322656 0.304688 0.0671875 0.0677083
2 0.217578 0.256771 0.0179687 0.0239583
2 0.285547 0.192188 0.0304688 0.0302083
2 0.24375 0.227604 0.025 0.0260417
2 0.824219 0.466667 0.0265625 0.0541667
2 0.514844 0.114583 0.046875 0.0479167
2 0.790234 0.4 0.0335938 0.06875
2 0.742188 0.320312 0.05625 0.0802083
2 0.313672 0.408854 0.0710938 0.0864583
2 0.591016 0.296875 0.108594 0.0958333
