4 0.8375 0.515625 0.021875 0.0416667
1 0.191016 0.594792 0.0195312 0.0604167
1 0.314453 0.826563 0.0304688 0.0739583
1 0.512891 0.0114583 0.0132813 0.0104167
1 0.278906 0.828125 0.0203125 0.0291667
1 0.185937 0.30625 0.0140625 0.03125
2 0.291406 0.641146 0.0359375 0.0989583
1 0.260156 0.765104 0.0234375 0.046875
2 0.275 0.503646 0.0453125 0.111458
2 0.790234 0.4 0.0335938 0.06875
2 0.824219 0.466667 0.0265625 0.05625
2 0.263281 0.400521 0.04375 0.109375
2 0.25625 0.316146 0.0390625 0.0885417
2 0.440234 0.611979 0.119531 0.0802083
2 0.742188 0.320833 0.0578125 0.0791667
2 0.753906 0.39375 0.0546875 0.0791667
2 0.396094 0.196875 0.06875 0.0791667
