1 0.799219 0.541667 0.0265625 0.0541667
1 0.230469 0.173958 0.0125 0.0166667
3 0.514063 0.00885417 0.0078125 0.0177083
1 0.790625 0.399479 0.034375 0.0697917
1 0.848437 0.566667 0.0171875 0.0375
3 0.640234 0.195833 0.0179687 0.03125
1 0.823828 0.594792 0.0164062 0.0416667
2 0.297266 0.202604 0.0351562 0.0364583
3 0.630859 0.183854 0.0148437 0.0322917
3 0.621094 0.183854 0.0171875 0.0322917
2 0.409766 0.155208 0.0585938 0.05
2 0.742578 0.31875 0.0585938 0.0833333
2 0.707422 0.404167 0.0820312 0.114583
