2 0.778516 0.650521 0.0304688 0.0427083
2 0.85 0.573438 0.0125 0.0239583
1 0.228516 0.172396 0.0117188 0.0239583
1 0.555859 0.015625 0.0101562 0.0145833
1 0.834766 0.7 0.0117188 0.01875
2 0.846094 0.55 0.015625 0.0333333
1 0.19375 0.267708 0.0125 0.01875
2 0.837891 0.515104 0.0210938 0.040625
2 0.39375 0.0802083 0.0359375 0.03125
4 0.733594 0.429688 0.06875 0.0885417
1 0.185156 0.30625 0.0109375 0.03125
2 0.473437 0.03125 0.025 0.01875
2 0.733594 0.429688 0.06875 0.0885417
2 0.494922 0.0369792 0.0320312 0.0260417
2 0.823828 0.466146 0.0257812 0.0552083
2 0.41875 0.0729167 0.0421875 0.0395833
2 0.452344 0.0677083 0.0375 0.03125
2 0.360547 0.148958 0.0617188 0.05
2 0.550781 0.466146 0.104687 0.113542
2 0.790234 0.4 0.0335938 0.06875
2 0.741797 0.320312 0.0570313 0.078125
