1 0.433594 0.0838542 0.0203125 0.0177083
1 0.190234 0.266667 0.0117188 0.01875
2 0.838672 0.516146 0.0210938 0.040625
3 0.513672 0.00833333 0.00703125 0.0166667
1 0.236328 0.659896 0.0242187 0.0697917
1 0.186719 0.309896 0.015625 0.0239583
2 0.421484 0.0614583 0.0351562 0.0291667
1 0.261328 0.707292 0.0257812 0.06875
2 0.448047 0.0671875 0.0429688 0.0385417
2 0.742188 0.319792 0.0578125 0.08125
2 0.790234 0.4 0.0335938 0.06875
2 0.823828 0.466667 0.0257812 0.05625
2 0.363672 0.104167 0.0585938 0.05625
2 0.469922 0.090625 0.0570313 0.0354167
2 0.738281 0.36875 0.0625 0.0854167
2 0.740625 0.445833 0.05625 0.0875
