3 0.509375 0.00729167 0.00625 0.0145833
1 0.185547 0.305208 0.0132813 0.03125
3 0.515234 0.00833333 0.00703125 0.0166667
1 0.557031 0.0140625 0.009375 0.015625
2 0.325391 0.319792 0.0679687 0.0708333
2 0.853516 0.655208 0.00859375 0.0208333
2 0.849219 0.630208 0.0109375 0.0229167
2 0.823828 0.466146 0.0257812 0.0552083
2 0.664062 0.447917 0.0859375 0.10625
2 0.344531 0.154687 0.040625 0.0364583
2 0.432031 0.0807292 0.04375 0.040625
2 0.790234 0.4 0.0335938 0.06875
2 0.741797 0.320312 0.0570313 0.0802083
2 0.519922 0.186979 0.0914062 0.0635417
2 0.468359 0.595312 0.121094 0.113542
