3 0.513672 0.00833333 0.00703125 0.0166667
1 0.555859 0.0151042 0.0101562 0.015625
2 0.841406 0.636458 0.0140625 0.0270833
3 0.659766 0.211979 0.0179687 0.0260417
2 0.225781 0.253646 0.0234375 0.0302083
2 0.321484 0.163021 0.0367187 0.034375
2 0.824219 0.466146 0.0265625 0.0552083
2 0.790234 0.4 0.0335938 0.06875
2 0.454297 0.0630208 0.0460938 0.0364583
2 0.606641 0.498958 0.111719 0.120833
2 0.342187 0.31875 0.071875 0.075
2 0.742188 0.320833 0.05625 0.0791667
2 0.553906 0.206771 0.0859375 0.065625
