1 0.658984 0.0869792 0.0210938 0.028125
1 0.555859 0.015625 0.0101562 0.0145833
0 0.204297 0.204688 0.0164062 0.021875
3 0.513281 0.0078125 0.0078125 0.015625
2 0.790625 0.399479 0.034375 0.0677083
2 0.190234 0.21875 0.00859375 0.0125
1 0.433984 0.0848958 0.0195312 0.015625
1 0.261719 0.707292 0.0234375 0.06875
2 0.198828 0.280208 0.0148437 0.0229167
2 0.823438 0.466146 0.0265625 0.0552083
2 0.206641 0.234375 0.0132813 0.01875
2 0.447656 0.0671875 0.0453125 0.0385417
2 0.391797 0.0802083 0.0523437 0.0458333
2 0.742188 0.320833 0.0578125 0.0791667
2 0.409375 0.574479 0.109375 0.121875
