4 0.8375 0.514063 0.021875 0.0427083
1 0.512891 0.0114583 0.0132813 0.0125
3 0.652734 0.179167 0.00859375 0.025
3 0.540234 0.00416667 0.00703125 0.00833333
3 0.703906 0.192708 0.0125 0.0208333
1 0.555859 0.0192708 0.0132813 0.0114583
3 0.646875 0.185417 0.009375 0.0291667
1 0.185547 0.305729 0.0148437 0.0322917
2 0.855078 0.655208 0.0101562 0.0166667
2 0.216797 0.254167 0.0195312 0.0270833
2 0.205078 0.25 0.0132813 0.0208333
2 0.712109 0.335417 0.0773437 0.102083
2 0.851953 0.640625 0.0101562 0.0208333
2 0.834766 0.63125 0.0132813 0.0291667
2 0.823828 0.466146 0.0257812 0.0552083
2 0.790234 0.4 0.0335938 0.06875
2 0.742578 0.320833 0.0554687 0.08125
2 0.268359 0.246875 0.0414063 0.0770833
2 0.420703 0.314063 0.0835937 0.128125
