4 0.774219 0.253125 0.03125 0.0541667
3 0.773047 0.782292 0.0210938 0.0333333
2 0.785156 0.292708 0.015625 0.025
2 0.817578 0.299479 0.0117188 0.0197917
2 0.811719 0.280208 0.0140625 0.0229167
2 0.771094 0.263542 0.025 0.0354167
2 0.136719 0.645833 0.0171875 0.04375
2 0.336328 0.116146 0.0210938 0.0197917
2 0.293359 0.14375 0.0195312 0.0229167
2 0.593359 0.134896 0.0414063 0.0260417
2 0.661328 0.184375 0.0367187 0.0333333
2 0.184375 0.709375 0.0328125 0.06875
2 0.221094 0.597917 0.05 0.09375
2 0.444141 0.288021 0.100781 0.096875
