2 0.785156 0.292708 0.0140625 0.0229167
2 0.714063 0.173438 0.028125 0.034375
3 0.773828 0.781771 0.0210938 0.0322917
2 0.332812 0.167187 0.040625 0.040625
2 0.770703 0.263021 0.0242187 0.0364583
2 0.150391 0.698438 0.0179687 0.0510417
2 0.735937 0.145833 0.0125 0.0145833
2 0.137109 0.645833 0.0148437 0.0416667
2 0.361719 0.121354 0.0328125 0.028125
2 0.555859 0.143229 0.0507812 0.0322917
2 0.737891 0.567187 0.0554687 0.117708
2 0.713672 0.417188 0.0710938 0.119792
2 0.330469 0.275521 0.075 0.0947917
