1 0.240234 0.213542 0.0132813 0.0166667
2 0.369141 0.898438 0.0257812 0.0239583
1 0.173828 0.511458 0.0117188 0.0270833
2 0.275391 0.500521 0.0617188 0.0677083
2 0.610937 0.0484375 0.05 0.0364583
2 0.192969 0.376563 0.025 0.040625
2 0.308984 0.822917 0.0320312 0.0395833
2 0.335156 0.859375 0.0296875 0.0291667
2 0.469141 0.0270833 0.0320312 0.025
2 0.325781 0.807292 0.0390625 0.05625
2 0.44375 0.0270833 0.0359375 0.03125
2 0.310156 0.632812 0.0828125 0.090625
2 0.387891 0.0755208 0.0414063 0.0364583
2 0.283594 0.228646 0.04375 0.053125
2 0.772656 0.314583 0.065625 0.0895833
2 0.444922 0.152604 0.0820312 0.0510417
