1 0.703516 0.830729 0.0335938 0.0510417
3 0.747266 0.236458 0.0398437 0.0520833
1 0.733594 0.556771 0.0390625 0.0260417
2 0.846484 0.261979 0.0179687 0.0260417
2 0.798828 0.203125 0.0242187 0.03125
2 0.771484 0.183854 0.0320312 0.0364583
2 0.814844 0.242708 0.021875 0.0291667
2 0.197656 0.424479 0.028125 0.0697917
2 0.790625 0.229167 0.03125 0.0375
2 0.832812 0.254687 0.01875 0.0260417
2 0.700781 0.19375 0.075 0.0625
2 0.235156 0.349479 0.0421875 0.084375
2 0.732813 0.165625 0.0484375 0.0479167
2 0.685547 0.704167 0.0554687 0.13125
2 0.317578 0.488021 0.0945313 0.109375
