2 0.835938 0.234896 0.01875 0.0260417
2 0.842969 0.376042 0.0265625 0.0375
2 0.175781 0.472396 0.01875 0.0489583
2 0.864062 0.277604 0.0125 0.0177083
2 0.771875 0.183854 0.0328125 0.0364583
2 0.798437 0.203646 0.0234375 0.0322917
2 0.822266 0.244792 0.0273438 0.0333333
2 0.197656 0.424479 0.028125 0.0697917
2 0.322266 0.48125 0.122656 0.14375
2 0.728125 0.202083 0.05625 0.04375
2 0.733203 0.165625 0.0476562 0.0479167
2 0.235156 0.349479 0.0421875 0.084375
2 0.242969 0.410417 0.0484375 0.0916667
2 0.685547 0.704167 0.0554687 0.13125
2 0.475781 0.215625 0.115625 0.0833333
