3 0.619141 0.0520833 0.0117188 0.0291667
2 0.832422 0.232292 0.0148437 0.0229167
2 0.198437 0.418229 0.0265625 0.059375
2 0.216016 0.591667 0.0335938 0.0541667
0 0.181641 0.501562 0.0523437 0.117708
2 0.84375 0.375521 0.0234375 0.0364583
2 0.848828 0.269792 0.0164062 0.0229167
2 0.771875 0.184375 0.0328125 0.0375
2 0.799219 0.204167 0.025 0.0333333
2 0.83125 0.316146 0.025 0.0364583
2 0.235156 0.348958 0.0421875 0.08125
2 0.788672 0.264583 0.0414063 0.04375
2 0.732813 0.165625 0.0484375 0.0479167
2 0.660156 0.191146 0.0796875 0.0552083
2 0.582031 0.354167 0.146875 0.108333
2 0.403125 0.246354 0.109375 0.109375
