1 0.618359 0.935938 0.0257812 0.0197917
3 0.374219 0.147396 0.01875 0.0322917
1 0.705078 0.832812 0.0367187 0.053125
3 0.364844 0.178125 0.015625 0.0291667
2 0.834766 0.234896 0.0195312 0.0260417
2 0.176172 0.471875 0.0195312 0.05
4 0.271484 0.536458 0.0835937 0.102083
3 0.351562 0.182812 0.01875 0.034375
2 0.799219 0.203125 0.025 0.0333333
2 0.771484 0.183854 0.0335938 0.0364583
2 0.197266 0.423958 0.0273438 0.06875
2 0.698438 0.722396 0.053125 0.123958
2 0.234766 0.349479 0.0414063 0.0822917
2 0.732813 0.165104 0.0484375 0.0489583
2 0.721094 0.331771 0.0609375 0.103125
