2 0.84375 0.376563 0.025 0.0385417
0 0.851562 0.248958 0.01875 0.025
2 0.867578 0.28125 0.0117188 0.01875
2 0.176172 0.472396 0.0195312 0.0489583
2 0.798828 0.203125 0.0242187 0.03125
2 0.771875 0.184375 0.03125 0.0354167
2 0.847656 0.266667 0.015625 0.0229167
2 0.267969 0.534375 0.0640625 0.0854167
2 0.716406 0.197396 0.065625 0.059375
2 0.825 0.250521 0.0203125 0.0260417
2 0.796484 0.231771 0.0320312 0.034375
2 0.733203 0.164583 0.0476562 0.0458333
2 0.197266 0.424479 0.0289063 0.0697917
2 0.235156 0.35 0.0421875 0.0833333
2 0.428125 0.0973958 0.0359375 0.0447917
2 0.545703 0.389062 0.103906 0.209375
