2 0.847266 0.245833 0.0101562 0.0166667
1 0.776172 0.4375 0.0414063 0.0291667
2 0.176172 0.471875 0.0195312 0.05
3 0.788281 0.480729 0.028125 0.0177083
1 0.790625 0.517187 0.0328125 0.021875
1 0.775 0.461458 0.0359375 0.0208333
2 0.843359 0.376042 0.0226563 0.0375
2 0.858984 0.313542 0.0148437 0.0208333
2 0.197656 0.424479 0.028125 0.0697917
2 0.798828 0.204167 0.0257812 0.0333333
2 0.830469 0.254167 0.021875 0.0291667
2 0.819531 0.310937 0.0265625 0.0364583
2 0.770703 0.183854 0.0335938 0.0385417
2 0.730078 0.209375 0.0585938 0.05
2 0.235156 0.349479 0.0421875 0.0822917
2 0.309375 0.5 0.107813 0.129167
