4 0.8625 0.368229 0.0234375 0.0364583
3 0.452344 0.686458 0.0234375 0.0520833
2 0.84375 0.376563 0.0234375 0.0385417
4 0.241406 0.552083 0.0734375 0.1
2 0.842969 0.308854 0.0234375 0.0260417
2 0.234766 0.349479 0.0429688 0.084375
2 0.798828 0.203125 0.0242187 0.03125
2 0.197656 0.423958 0.028125 0.06875
2 0.771875 0.183854 0.0328125 0.0364583
2 0.847266 0.275 0.0164062 0.0229167
2 0.778125 0.222917 0.0390625 0.0395833
2 0.733203 0.165625 0.0476562 0.0479167
2 0.688672 0.232812 0.0757812 0.0572917
2 0.525391 0.185417 0.117969 0.0770833
