2 0.836328 0.235938 0.0195312 0.028125
4 0.235547 0.348437 0.0429688 0.084375
2 0.701172 0.802604 0.0492188 0.105208
0 0.854688 0.253646 0.015625 0.0260417
2 0.717578 0.321354 0.0867188 0.071875
2 0.235547 0.348958 0.0429688 0.0833333
2 0.771094 0.184375 0.03125 0.0375
2 0.633984 0.816667 0.0554687 0.0854167
2 0.196875 0.423958 0.0296875 0.06875
2 0.798437 0.203646 0.0234375 0.0322917
2 0.810547 0.239063 0.0257812 0.0322917
2 0.422656 0.0885417 0.034375 0.04375
2 0.732422 0.165625 0.0492188 0.0479167
