2 0.833984 0.233333 0.0179687 0.0270833
3 0.745313 0.2375 0.034375 0.0479167
2 0.852734 0.251042 0.0132813 0.0208333
2 0.842969 0.376563 0.025 0.0385417
2 0.814062 0.310417 0.0375 0.0416667
2 0.196875 0.423958 0.0296875 0.0708333
2 0.772266 0.183333 0.0320312 0.0354167
2 0.798828 0.203646 0.0242187 0.0322917
2 0.235156 0.348958 0.0421875 0.0833333
2 0.742969 0.209896 0.0546875 0.046875
2 0.732813 0.165104 0.0484375 0.046875
2 0.310156 0.315625 0.08125 0.10625
2 0.398438 0.427083 0.154687 0.145833
