2 0.834766 0.233854 0.0195312 0.0260417
3 0.374219 0.147917 0.0171875 0.0291667
0 0.851953 0.251042 0.0179687 0.0291667
3 0.351172 0.197396 0.0164062 0.028125
2 0.798828 0.203646 0.0242187 0.0322917
2 0.175781 0.472396 0.0203125 0.0489583
2 0.771875 0.184375 0.0328125 0.0375
2 0.253516 0.569792 0.0523437 0.075
2 0.844922 0.263542 0.0210938 0.0270833
2 0.197266 0.423958 0.0273438 0.06875
2 0.718359 0.333854 0.0929687 0.0802083
2 0.733203 0.165625 0.0492188 0.0479167
2 0.234766 0.349479 0.0429688 0.0822917
