2 0.842969 0.376563 0.025 0.0385417
1 0.74375 0.2375 0.0375 0.0458333
2 0.167969 0.556771 0.0203125 0.046875
2 0.820312 0.222917 0.01875 0.025
2 0.838672 0.238542 0.0148437 0.0229167
2 0.862109 0.278125 0.0132813 0.0208333
1 0.725 0.155729 0.0171875 0.0239583
2 0.799219 0.204167 0.025 0.0333333
2 0.244922 0.4125 0.0617188 0.120833
2 0.197266 0.424479 0.0273438 0.0697917
2 0.842188 0.263542 0.01875 0.025
2 0.771875 0.183333 0.0328125 0.0395833
2 0.747266 0.211458 0.0554687 0.0479167
2 0.235156 0.349479 0.040625 0.0822917
2 0.482422 0.210938 0.128906 0.0864583
