1 0.703906 0.835417 0.0328125 0.05625
3 0.373828 0.147917 0.0179687 0.03125
3 0.747656 0.234375 0.0375 0.0520833
2 0.235156 0.349479 0.0421875 0.0802083
2 0.846484 0.246354 0.0101562 0.015625
1 0.705469 0.127083 0.0140625 0.01875
2 0.842969 0.376042 0.0234375 0.0375
2 0.873047 0.319271 0.0117188 0.0177083
2 0.820312 0.222917 0.0171875 0.025
2 0.837891 0.238542 0.0132813 0.0208333
2 0.799219 0.204167 0.025 0.0333333
2 0.858594 0.31875 0.015625 0.0229167
3 0.4 0.158333 0.0171875 0.0354167
2 0.771094 0.183333 0.0328125 0.0375
2 0.713672 0.196354 0.0679687 0.053125
2 0.632422 0.556771 0.0679687 0.223958
