2 0.787109 0.318229 0.0476562 0.053125
2 0.175781 0.472396 0.0203125 0.0489583
2 0.843359 0.376563 0.0242187 0.0385417
2 0.869141 0.284375 0.00859375 0.0145833
2 0.860156 0.276042 0.0109375 0.01875
2 0.798437 0.203646 0.0234375 0.0322917
2 0.772266 0.184896 0.0320312 0.0364583
2 0.850781 0.318229 0.015625 0.0260417
3 0.367188 0.214583 0.021875 0.0375
2 0.841016 0.258854 0.0164062 0.0239583
2 0.234766 0.349479 0.0429688 0.084375
2 0.197266 0.423958 0.0289063 0.06875
2 0.732813 0.165625 0.0484375 0.0479167
2 0.502734 0.347396 0.0960938 0.165625
