2 0.802344 0.259896 0.0109375 0.0177083
1 0.822656 0.323958 0.009375 0.0104167
2 0.724219 0.810417 0.025 0.0520833
1 0.684375 0.225 0.0203125 0.0208333
2 0.826563 0.297917 0.009375 0.0145833
1 0.307813 0.703125 0.0375 0.025
2 0.824609 0.359375 0.0117188 0.0229167
2 0.806641 0.28125 0.0132813 0.01875
2 0.789062 0.254687 0.0140625 0.021875
2 0.73125 0.745833 0.028125 0.0708333
2 0.791406 0.278646 0.015625 0.021875
2 0.776953 0.252083 0.0179687 0.0229167
2 0.807813 0.344271 0.015625 0.0239583
2 0.792578 0.316146 0.0195312 0.028125
2 0.791016 0.427604 0.0242187 0.046875
2 0.769531 0.278125 0.025 0.0291667
2 0.341797 0.616667 0.0960938 0.075
2 0.558203 0.330729 0.125781 0.090625
2 0.409766 0.7 0.108594 0.0770833
