0 0.789062 0.254167 0.015625 0.025
2 0.788672 0.254687 0.0148437 0.0239583
1 0.680078 0.160938 0.0179687 0.0364583
1 0.673828 0.227604 0.0367187 0.0260417
2 0.784766 0.319792 0.0242187 0.0333333
2 0.239453 0.432292 0.0445312 0.0770833
3 0.642187 0.207292 0.01875 0.0291667
2 0.813672 0.265104 0.00703125 0.009375
2 0.724609 0.810417 0.0257812 0.0520833
2 0.828516 0.279687 0.00703125 0.009375
3 0.410547 0.155729 0.0132813 0.021875
3 0.392969 0.190625 0.0140625 0.03125
2 0.805859 0.260938 0.0101562 0.015625
2 0.816797 0.281771 0.00859375 0.0135417
2 0.73125 0.746354 0.028125 0.071875
2 0.806641 0.309375 0.0132813 0.0208333
2 0.777344 0.252083 0.0171875 0.0229167
2 0.696484 0.741146 0.0351562 0.084375
2 0.640625 0.291667 0.0875 0.06875
