2 0.728125 0.805729 0.0265625 0.053125
1 0.180859 0.51875 0.0164062 0.0395833
4 0.815625 0.374479 0.021875 0.0177083
1 0.150391 0.640104 0.0117188 0.0197917
3 0.505859 0.0463542 0.00546875 0.0135417
3 0.505078 0.046875 0.00546875 0.0125
2 0.833984 0.313542 0.00859375 0.0145833
1 0.30625 0.702083 0.0390625 0.0229167
2 0.805469 0.305729 0.0140625 0.0197917
3 0.510156 0.0473958 0.0046875 0.0135417
2 0.804297 0.261458 0.0101562 0.0145833
2 0.730469 0.747396 0.028125 0.0697917
2 0.300781 0.747917 0.109375 0.0583333
2 0.789453 0.254687 0.0148437 0.021875
2 0.777344 0.252083 0.0171875 0.0229167
2 0.766406 0.320833 0.0328125 0.0395833
2 0.241406 0.432292 0.04375 0.075
2 0.439063 0.572396 0.126563 0.109375
2 0.619922 0.606771 0.100781 0.103125
