1 0.385156 0.271354 0.015625 0.0447917
1 0.474219 0.78125 0.015625 0.0458333
2 0.258984 0.480208 0.0601562 0.09375
2 0.811328 0.2625 0.0117188 0.0166667
1 0.535937 0.752083 0.0203125 0.0458333
2 0.724219 0.811979 0.025 0.0552083
3 0.386719 0.18125 0.0125 0.03125
2 0.803516 0.261458 0.0101562 0.0166667
3 0.396094 0.166146 0.0109375 0.0302083
1 0.502734 0.207292 0.0179687 0.0458333
2 0.812891 0.304167 0.0195312 0.04375
2 0.789062 0.255208 0.015625 0.025
2 0.73125 0.746354 0.028125 0.071875
2 0.777344 0.252083 0.01875 0.0229167
2 0.2875 0.645312 0.075 0.0677083
2 0.313281 0.717188 0.075 0.0572917
2 0.484766 0.432292 0.125781 0.104167
