3 0.410937 0.0703125 0.00625 0.0177083
2 0.241797 0.432292 0.0414063 0.0729167
3 0.395312 0.0401042 0.00625 0.0177083
3 0.477734 0.125 0.00703125 0.01875
1 0.286719 0.753125 0.0421875 0.04375
3 0.416406 0.0677083 0.00625 0.01875
2 0.778125 0.251563 0.0171875 0.021875
1 0.475391 0.0864583 0.0132813 0.0125
3 0.39375 0.0640625 0.0078125 0.0197917
3 0.403516 0.0734375 0.00703125 0.0197917
3 0.270703 0.321875 0.0164062 0.0270833
3 0.289844 0.308854 0.0203125 0.0302083
1 0.307031 0.701563 0.0375 0.021875
1 0.340625 0.745833 0.03125 0.0458333
2 0.628906 0.379167 0.104687 0.0875
