1 0.341406 0.746875 0.034375 0.0458333
2 0.301953 0.751042 0.113281 0.0583333
2 0.240625 0.432292 0.04375 0.075
3 0.648828 0.192188 0.0164062 0.028125
2 0.789453 0.254167 0.0148437 0.0229167
2 0.776953 0.252083 0.0179687 0.0229167
2 0.728516 0.805729 0.0273438 0.0552083
3 0.416406 0.0416667 0.009375 0.01875
1 0.66875 0.198958 0.015625 0.0291667
3 0.545313 0.127083 0.0109375 0.0270833
3 0.634375 0.2 0.015625 0.0291667
1 0.307813 0.702083 0.0359375 0.0229167
4 0.376172 0.480729 0.124219 0.128125
3 0.540625 0.14375 0.0109375 0.0333333
3 0.551562 0.146875 0.0109375 0.03125
1 0.501953 0.178646 0.0335938 0.028125
3 0.617969 0.190625 0.015625 0.0333333
2 0.73125 0.746875 0.028125 0.06875
2 0.375781 0.481771 0.125 0.126042
2 0.367188 0.619271 0.114063 0.0885417
