3 0.289062 0.307813 0.0203125 0.0239583
2 0.289453 0.709896 0.0617188 0.0510417
3 0.507422 0.0479167 0.00546875 0.0145833
2 0.724609 0.811458 0.0257812 0.0541667
3 0.394531 0.078125 0.00625 0.01875
2 0.805859 0.260938 0.0117188 0.0177083
2 0.719922 0.241146 0.0382813 0.0385417
3 0.403125 0.0760417 0.0078125 0.0208333
2 0.788672 0.255208 0.0164062 0.025
3 0.502344 0.0473958 0.0046875 0.015625
2 0.777344 0.252083 0.01875 0.0229167
2 0.239844 0.432292 0.0453125 0.0770833
2 0.508594 0.571354 0.16875 0.144792
2 0.73125 0.746354 0.028125 0.071875
