2 0.786719 0.254167 0.0171875 0.0229167
2 0.806641 0.261458 0.0132813 0.01875
1 0.679688 0.160417 0.0171875 0.0354167
2 0.722656 0.253646 0.0296875 0.040625
2 0.362891 0.513021 0.102344 0.0927083
1 0.270703 0.303125 0.0210938 0.0270833
2 0.789062 0.254687 0.015625 0.0239583
2 0.73125 0.747396 0.028125 0.071875
2 0.240234 0.432813 0.0445312 0.078125
2 0.776953 0.252083 0.0179687 0.0229167
2 0.285937 0.640625 0.065625 0.0604167
2 0.354297 0.716667 0.0945313 0.06875
2 0.480078 0.344792 0.124219 0.104167
