2 0.724219 0.810938 0.025 0.053125
1 0.550391 0.743229 0.0179687 0.0427083
3 0.491797 0.0484375 0.00390625 0.0135417
1 0.816016 0.373958 0.0226563 0.01875
1 0.171875 0.697396 0.0234375 0.0364583
3 0.503906 0.0484375 0.0046875 0.0135417
4 0.728516 0.242188 0.0523437 0.0364583
2 0.805859 0.260938 0.0117188 0.0177083
2 0.788672 0.254687 0.0164062 0.0239583
2 0.613672 0.503125 0.105469 0.110417
2 0.73125 0.747396 0.028125 0.0697917
2 0.239844 0.432292 0.0453125 0.0770833
2 0.777344 0.252083 0.0171875 0.0229167
2 0.510547 0.407292 0.121094 0.102083
