2 0.8125 0.264062 0.0109375 0.0135417
1 0.283984 0.711979 0.0210938 0.0427083
2 0.803516 0.260938 0.0101562 0.015625
2 0.788672 0.254687 0.0148437 0.0239583
2 0.73125 0.746354 0.028125 0.071875
2 0.239844 0.432813 0.0453125 0.078125
2 0.776953 0.251563 0.0179687 0.021875
2 0.789453 0.281771 0.0179687 0.0239583
2 0.334766 0.709375 0.0757812 0.05625
2 0.767187 0.281771 0.0234375 0.0302083
2 0.325391 0.452083 0.0914062 0.102083
2 0.292578 0.632812 0.0742188 0.0697917
2 0.703906 0.280208 0.0546875 0.05
2 0.691016 0.360417 0.0773437 0.0666667
