1 0.385938 0.271354 0.015625 0.0447917
2 0.802344 0.261979 0.0109375 0.015625
2 0.789062 0.254687 0.0140625 0.021875
3 0.394531 0.15625 0.0125 0.0229167
1 0.503516 0.208854 0.0195312 0.0427083
4 0.311328 0.538021 0.0945313 0.0947917
2 0.73125 0.745833 0.028125 0.0708333
2 0.777344 0.252083 0.0171875 0.0229167
2 0.796484 0.279687 0.0164062 0.021875
2 0.802344 0.310417 0.015625 0.0229167
2 0.784766 0.321875 0.0195312 0.0291667
2 0.313672 0.717708 0.0757812 0.0604167
2 0.287891 0.643229 0.0757812 0.065625
2 0.701953 0.3625 0.0648438 0.0625
2 0.436719 0.365104 0.125 0.113542
