3 0.45 0.14375 0.0078125 0.025
1 0.179688 0.516667 0.015625 0.0375
2 0.814844 0.280208 0.0125 0.0166667
1 0.386719 0.271875 0.015625 0.0416667
2 0.333203 0.69375 0.0757812 0.05625
2 0.503125 0.0479167 0.0171875 0.0104167
2 0.819141 0.302604 0.0117188 0.0177083
2 0.804688 0.261458 0.009375 0.0145833
3 0.413281 0.142708 0.0125 0.0354167
3 0.433984 0.164583 0.00859375 0.0291667
2 0.303516 0.747917 0.103906 0.0583333
3 0.439844 0.158854 0.0125 0.0322917
3 0.420703 0.0255208 0.00546875 0.015625
3 0.428906 0.157292 0.009375 0.0270833
1 0.468359 0.792708 0.0148437 0.0645833
1 0.442578 0.754687 0.0242187 0.0510417
3 0.407031 0.153646 0.0140625 0.0322917
3 0.453906 0.152083 0.0109375 0.03125
3 0.392578 0.208333 0.0148437 0.0333333
3 0.401563 0.166146 0.0140625 0.0302083
3 0.392969 0.177083 0.0125 0.0333333
2 0.789453 0.255208 0.0148437 0.0229167
2 0.777734 0.252083 0.0179687 0.0229167
2 0.683203 0.285417 0.0804688 0.0645833
2 0.586719 0.618229 0.103125 0.096875
2 0.381641 0.59375 0.111719 0.0895833
