2 0.728125 0.80625 0.0265625 0.0541667
1 0.307031 0.702083 0.0375 0.0229167
3 0.569531 0.147396 0.0109375 0.0302083
2 0.804297 0.261458 0.0101562 0.0145833
2 0.241406 0.432292 0.04375 0.075
3 0.429297 0.174479 0.0117188 0.0322917
3 0.64375 0.219271 0.015625 0.0260417
3 0.464844 0.184375 0.0140625 0.0375
2 0.807031 0.280208 0.0125 0.01875
2 0.820703 0.302604 0.0117188 0.0177083
3 0.552734 0.140104 0.0101562 0.0322917
3 0.631641 0.204167 0.0148437 0.03125
2 0.730469 0.747396 0.028125 0.0697917
3 0.520703 0.189063 0.0132813 0.0364583
2 0.789062 0.255208 0.015625 0.0229167
2 0.300781 0.747917 0.109375 0.0604167
3 0.440234 0.165625 0.0164062 0.0354167
2 0.777734 0.252604 0.0179687 0.0239583
2 0.730859 0.242188 0.0414063 0.0385417
2 0.430859 0.61875 0.130469 0.09375
