3 0.389062 0.186458 0.015625 0.0375
1 0.651953 0.226562 0.0210938 0.0239583
1 0.307422 0.702604 0.0351562 0.0239583
1 0.682813 0.225 0.01875 0.0208333
3 0.405859 0.192188 0.0101562 0.028125
3 0.3875 0.184375 0.0140625 0.0375
2 0.724219 0.809896 0.025 0.0510417
3 0.392969 0.173958 0.0109375 0.0291667
3 0.414453 0.198437 0.0164062 0.034375
3 0.428906 0.252604 0.015625 0.0302083
2 0.301172 0.750521 0.111719 0.0572917
2 0.803906 0.260938 0.0109375 0.015625
3 0.397266 0.271354 0.0179687 0.040625
2 0.788672 0.255208 0.0164062 0.025
2 0.830859 0.315104 0.0132813 0.0197917
3 0.410547 0.257812 0.0210938 0.040625
2 0.817969 0.282813 0.0125 0.0177083
2 0.73125 0.746875 0.028125 0.0708333
2 0.777344 0.252083 0.0171875 0.0229167
2 0.728906 0.245833 0.034375 0.0333333
2 0.315625 0.632812 0.090625 0.071875
2 0.676562 0.470833 0.0671875 0.0791667
2 0.701172 0.739062 0.0351562 0.0864583
