2 0.728516 0.805729 0.0273438 0.0552083
2 0.805469 0.309896 0.0171875 0.0239583
2 0.771875 0.465625 0.0390625 0.0708333
1 0.307422 0.702083 0.0367187 0.0208333
2 0.310547 0.621354 0.0757812 0.065625
2 0.789062 0.254167 0.015625 0.0229167
2 0.73125 0.746875 0.028125 0.06875
2 0.240234 0.43125 0.0445312 0.0770833
2 0.777734 0.252083 0.0179687 0.0229167
2 0.301562 0.749479 0.109375 0.0552083
2 0.728906 0.281771 0.0453125 0.0427083
2 0.603516 0.489062 0.138281 0.126042
2 0.427344 0.686458 0.109375 0.0729167
2 0.490625 0.328646 0.14375 0.115625
2 0.589453 0.394271 0.107031 0.0885417
