2 0.299609 0.75 0.108594 0.0541667
1 0.232031 0.7 0.0203125 0.0354167
3 0.428125 0.152083 0.0078125 0.0229167
1 0.49375 0.0848958 0.0125 0.021875
1 0.180469 0.518229 0.0171875 0.040625
2 0.730469 0.747396 0.028125 0.0677083
2 0.241016 0.43125 0.0429688 0.0770833
3 0.687109 0.201042 0.0148437 0.0208333
2 0.777734 0.252083 0.0179687 0.0229167
2 0.789453 0.254167 0.0148437 0.0229167
3 0.431641 0.164583 0.00859375 0.03125
3 0.714453 0.213542 0.0148437 0.01875
1 0.197266 0.699479 0.0195312 0.0364583
3 0.646875 0.217708 0.0171875 0.0291667
2 0.694531 0.542188 0.078125 0.107292
1 0.283984 0.638021 0.0335938 0.0260417
3 0.453906 0.151562 0.0109375 0.0322917
3 0.440625 0.151042 0.0109375 0.03125
1 0.541797 0.135417 0.0148437 0.0270833
1 0.517969 0.111458 0.0109375 0.025
2 0.311719 0.689062 0.075 0.0635417
2 0.266406 0.468229 0.059375 0.0885417
2 0.326172 0.528125 0.0804688 0.0916667
