3 0.622656 0.191146 0.0171875 0.0302083
1 0.386328 0.271875 0.0148437 0.04375
1 0.299219 0.540104 0.0359375 0.028125
1 0.191016 0.693229 0.0210938 0.0322917
3 0.452734 0.0427083 0.00703125 0.01875
3 0.432031 0.1625 0.009375 0.0291667
1 0.216016 0.701042 0.0179687 0.0333333
2 0.730859 0.747396 0.0273438 0.0677083
3 0.441406 0.15 0.0109375 0.0333333
3 0.453125 0.151042 0.0109375 0.0333333
2 0.241797 0.432813 0.0429688 0.0739583
2 0.358594 0.699479 0.109375 0.0739583
2 0.700391 0.510417 0.0570313 0.127083
2 0.534766 0.314063 0.111719 0.0802083
