1 0.2 0.698958 0.025 0.0354167
1 0.385547 0.269792 0.0148437 0.0458333
3 0.503125 0.123958 0.009375 0.0333333
1 0.380078 0.686979 0.0273438 0.034375
1 0.210547 0.476042 0.0148437 0.04375
3 0.491797 0.13125 0.0117188 0.0333333
2 0.270703 0.636979 0.0570313 0.059375
1 0.240625 0.749479 0.034375 0.0489583
1 0.293359 0.756771 0.0289063 0.0364583
2 0.303516 0.693229 0.0679687 0.053125
1 0.340234 0.745833 0.0320312 0.0458333
2 0.419531 0.698438 0.10625 0.0739583
2 0.361328 0.608333 0.0992187 0.0791667
2 0.416797 0.376042 0.116406 0.1125
