3 0.522656 0.217708 0.0140625 0.0416667
3 0.408203 0.0432292 0.00703125 0.0177083
1 0.172656 0.695312 0.0234375 0.0385417
3 0.526563 0.214062 0.0109375 0.040625
1 0.569922 0.16875 0.0148437 0.025
1 0.180469 0.520312 0.0171875 0.040625
2 0.724609 0.809896 0.0257812 0.053125
2 0.805469 0.260938 0.0125 0.0177083
3 0.514844 0.198437 0.0125 0.0364583
2 0.788281 0.253646 0.015625 0.0239583
3 0.390625 0.197917 0.015625 0.0375
2 0.240625 0.432813 0.04375 0.078125
3 0.4 0.18125 0.015625 0.0354167
3 0.416016 0.2 0.0164062 0.0354167
2 0.785156 0.278646 0.021875 0.028125
2 0.729297 0.284375 0.0382813 0.0375
2 0.776953 0.252083 0.0179687 0.0229167
2 0.787109 0.313021 0.0242187 0.0322917
2 0.73125 0.745833 0.028125 0.0708333
2 0.398047 0.701042 0.102344 0.06875
2 0.342969 0.628646 0.0921875 0.0802083
