2 0.523047 0.0390625 0.0195312 0.0114583
2 0.728906 0.805729 0.0265625 0.0552083
3 0.71875 0.217187 0.0140625 0.0177083
2 0.71875 0.852604 0.0265625 0.0427083
2 0.804297 0.261458 0.0101562 0.0145833
3 0.442187 0.0885417 0.009375 0.025
3 0.428125 0.229687 0.015625 0.0364583
2 0.241406 0.430729 0.0421875 0.078125
2 0.807031 0.28125 0.0125 0.01875
2 0.764844 0.328125 0.034375 0.04375
2 0.789062 0.254687 0.015625 0.021875
3 0.398828 0.216667 0.0164062 0.0375
2 0.780859 0.279167 0.0257812 0.03125
2 0.730859 0.747917 0.0273438 0.06875
2 0.792578 0.318229 0.0195312 0.028125
2 0.777734 0.252083 0.0179687 0.0229167
2 0.3 0.750521 0.107813 0.0552083
2 0.746875 0.278125 0.040625 0.0416667
2 0.35625 0.702604 0.090625 0.0635417
2 0.59375 0.406771 0.126563 0.101042
2 0.294141 0.452083 0.0742188 0.1
