1 0.585156 0.764583 0.021875 0.0458333
1 0.385547 0.271354 0.0164062 0.0447917
1 0.516016 0.761979 0.0195312 0.0385417
1 0.139844 0.591146 0.015625 0.0364583
2 0.241406 0.503125 0.05625 0.0895833
1 0.307422 0.702083 0.0367187 0.0229167
2 0.803906 0.260938 0.0109375 0.015625
2 0.817187 0.28125 0.0109375 0.0166667
3 0.390625 0.198958 0.01875 0.03125
2 0.789062 0.254167 0.015625 0.0229167
1 0.633984 0.702083 0.0320312 0.0416667
2 0.80625 0.279687 0.0140625 0.0197917
2 0.73125 0.746354 0.028125 0.071875
1 0.340625 0.746875 0.0328125 0.0458333
2 0.435937 0.697396 0.134375 0.084375
2 0.776953 0.252604 0.0179687 0.0239583
2 0.793359 0.280208 0.0164062 0.025
2 0.809375 0.308333 0.0140625 0.0208333
2 0.728516 0.245312 0.0335938 0.034375
2 0.792578 0.316146 0.0242187 0.034375
2 0.722656 0.285937 0.0359375 0.0385417
2 0.739844 0.423958 0.053125 0.110417
2 0.346484 0.627083 0.0992187 0.08125
2 0.478125 0.435417 0.128125 0.110417
2 0.527734 0.311458 0.119531 0.0916667
