1 0.18125 0.517187 0.0171875 0.034375
1 0.430859 0.03125 0.0101562 0.0166667
1 0.357422 0.482292 0.0257812 0.0479167
2 0.812891 0.263542 0.00859375 0.0145833
2 0.291016 0.697396 0.0585938 0.046875
2 0.826563 0.279687 0.0078125 0.0114583
2 0.241016 0.431771 0.0429688 0.0760417
2 0.789453 0.255208 0.0148437 0.0229167
2 0.818359 0.279687 0.0101562 0.015625
2 0.824609 0.3 0.0101562 0.0166667
2 0.730469 0.745833 0.028125 0.0708333
2 0.804297 0.261458 0.0101562 0.0145833
2 0.380859 0.388542 0.103906 0.0958333
2 0.777344 0.252083 0.0171875 0.0229167
2 0.300781 0.751562 0.109375 0.0552083
2 0.804688 0.308854 0.015625 0.021875
2 0.420312 0.694792 0.140625 0.0875
2 0.3 0.630208 0.08125 0.0708333
2 0.300391 0.539062 0.0742188 0.0822917
