3 0.594531 0.172396 0.0140625 0.0260417
2 0.804297 0.261979 0.0101562 0.015625
3 0.395703 0.227083 0.0148437 0.0270833
2 0.728516 0.805208 0.0273438 0.0541667
3 0.394141 0.216667 0.0148437 0.03125
3 0.630859 0.191146 0.0179687 0.0302083
1 0.307813 0.702083 0.0359375 0.0208333
3 0.680078 0.207292 0.0164062 0.025
3 0.602344 0.182812 0.015625 0.0322917
3 0.6125 0.180208 0.0125 0.0270833
2 0.241406 0.432292 0.0421875 0.075
2 0.810938 0.280729 0.0125 0.0197917
2 0.789453 0.255208 0.0148437 0.0229167
3 0.415625 0.207813 0.0203125 0.034375
2 0.730859 0.746875 0.0273438 0.0708333
2 0.777734 0.252604 0.0179687 0.0239583
2 0.757812 0.282292 0.0328125 0.0375
2 0.476172 0.349479 0.119531 0.101042
