2 0.8125 0.264062 0.009375 0.0135417
2 0.728125 0.805208 0.0265625 0.0541667
1 0.306641 0.702083 0.0367187 0.0208333
2 0.301562 0.750521 0.109375 0.059375
2 0.804297 0.261458 0.0101562 0.0145833
2 0.823438 0.301042 0.0109375 0.0166667
2 0.789062 0.254687 0.0140625 0.021875
2 0.815234 0.28125 0.0117188 0.0166667
2 0.730469 0.747396 0.028125 0.0697917
2 0.8 0.280729 0.015625 0.021875
2 0.777344 0.252083 0.0171875 0.0208333
2 0.778906 0.282292 0.0203125 0.025
2 0.7625 0.333854 0.034375 0.040625
2 0.727344 0.288542 0.0390625 0.0416667
2 0.524609 0.495313 0.139844 0.109375
