1 0.317969 0.746875 0.0734375 0.0541667
1 0.676172 0.227604 0.0351562 0.0260417
1 0.384375 0.797396 0.0421875 0.0802083
1 0.385938 0.271354 0.015625 0.0447917
1 0.340234 0.746875 0.0320312 0.0458333
2 0.241797 0.432292 0.0414063 0.0729167
1 0.501953 0.178646 0.0148437 0.0385417
3 0.45625 0.152604 0.0109375 0.034375
3 0.442969 0.151042 0.0109375 0.03125
2 0.789453 0.255208 0.0132813 0.0208333
2 0.777344 0.252083 0.01875 0.025
1 0.428906 0.159375 0.0125 0.0375
1 0.439453 0.244792 0.0257812 0.0479167
2 0.569922 0.307292 0.114844 0.0854167
