2 0.724609 0.810417 0.0257812 0.0520833
3 0.671875 0.208333 0.015625 0.0229167
2 0.266016 0.748438 0.0414063 0.034375
3 0.429688 0.251042 0.0125 0.0333333
2 0.296484 0.741667 0.103906 0.05625
2 0.803906 0.261458 0.0109375 0.0166667
3 0.388281 0.184896 0.0171875 0.0364583
1 0.183203 0.664583 0.0210938 0.0166667
1 0.428125 0.782812 0.0296875 0.0697917
3 0.437109 0.0963542 0.00859375 0.0260417
3 0.408594 0.253646 0.01875 0.040625
3 0.394141 0.170833 0.0117188 0.0291667
3 0.397266 0.271354 0.0179687 0.040625
3 0.446875 0.0947917 0.0078125 0.0270833
2 0.788281 0.254167 0.0171875 0.025
2 0.73125 0.746354 0.028125 0.071875
2 0.776953 0.252083 0.0179687 0.0229167
2 0.784375 0.370833 0.0265625 0.0416667
2 0.728516 0.245312 0.0335938 0.034375
2 0.701172 0.739062 0.0351562 0.0864583
2 0.563672 0.541667 0.132031 0.120833
