3 0.727344 0.211979 0.0125 0.015625
1 0.180469 0.519792 0.0171875 0.0416667
2 0.80625 0.261458 0.0109375 0.0166667
2 0.833203 0.310937 0.00703125 0.0114583
1 0.307031 0.702604 0.0390625 0.0239583
3 0.393359 0.173958 0.0148437 0.0354167
3 0.408203 0.169271 0.0101562 0.034375
1 0.455078 0.204167 0.0257812 0.0333333
2 0.724609 0.810417 0.0242187 0.0520833
2 0.789062 0.254687 0.015625 0.0239583
2 0.240234 0.433854 0.0445312 0.0802083
2 0.73125 0.746354 0.028125 0.071875
2 0.776953 0.252604 0.0179687 0.0239583
2 0.653516 0.567708 0.0835937 0.10625
2 0.287109 0.461458 0.0742188 0.102083
