1 0.429688 0.05 0.0140625 0.01875
2 0.823828 0.298958 0.0101562 0.0145833
2 0.803906 0.261458 0.009375 0.0145833
1 0.426953 0.0505208 0.0164062 0.0197917
2 0.728906 0.805208 0.0265625 0.0541667
3 0.478125 0.120312 0.0078125 0.028125
3 0.481641 0.102604 0.00859375 0.0239583
3 0.480859 0.103125 0.00859375 0.025
3 0.421484 0.0744792 0.00859375 0.0239583
3 0.476562 0.0760417 0.0078125 0.0229167
2 0.301562 0.75 0.110937 0.05625
3 0.410547 0.0744792 0.00859375 0.021875
2 0.777344 0.252083 0.0171875 0.0229167
1 0.308203 0.701563 0.0351562 0.021875
2 0.789062 0.254167 0.0140625 0.0229167
3 0.472266 0.103125 0.00859375 0.0270833
1 0.558984 0.301042 0.0414063 0.0291667
2 0.730859 0.746875 0.0273438 0.06875
3 0.504297 0.0994792 0.00859375 0.028125
1 0.594141 0.223438 0.0304688 0.0260417
2 0.662109 0.3625 0.0867188 0.075
2 0.355469 0.623958 0.107813 0.0854167
