3 0.689062 0.208333 0.0140625 0.01875
3 0.428906 0.0557292 0.00625 0.0197917
2 0.8125 0.263542 0.009375 0.0145833
1 0.307422 0.702604 0.0367187 0.021875
3 0.422656 0.0536458 0.0078125 0.0239583
3 0.43125 0.103125 0.009375 0.0291667
1 0.340625 0.746875 0.0328125 0.0458333
3 0.423047 0.104687 0.00859375 0.0260417
4 0.522656 0.419271 0.154687 0.121875
2 0.803906 0.261458 0.0109375 0.0145833
2 0.789453 0.254687 0.0148437 0.021875
2 0.73125 0.745833 0.028125 0.0708333
2 0.803125 0.282813 0.015625 0.0197917
2 0.776953 0.251563 0.0179687 0.021875
2 0.783984 0.278646 0.0226563 0.028125
2 0.522656 0.420833 0.15625 0.11875
2 0.757031 0.407813 0.0359375 0.0552083
