3 0.496875 0.0494792 0.0046875 0.0135417
2 0.241016 0.432292 0.0429688 0.0770833
1 0.340625 0.747396 0.0328125 0.046875
2 0.815625 0.374479 0.021875 0.0177083
3 0.456641 0.053125 0.00546875 0.0166667
2 0.773828 0.392188 0.0257812 0.0447917
1 0.307031 0.702083 0.0375 0.0208333
2 0.828125 0.319792 0.0109375 0.0166667
2 0.833984 0.310417 0.00859375 0.0125
2 0.788672 0.255208 0.0148437 0.0229167
2 0.812109 0.263021 0.00859375 0.0135417
2 0.803906 0.261458 0.009375 0.0145833
2 0.813281 0.279167 0.0109375 0.0145833
2 0.73125 0.746354 0.028125 0.0697917
2 0.820312 0.302604 0.0109375 0.015625
2 0.810938 0.339063 0.0125 0.021875
2 0.807813 0.305729 0.0140625 0.0197917
2 0.777344 0.252083 0.0171875 0.0229167
2 0.660156 0.467708 0.084375 0.0916667
