3 0.444922 0.191667 0.0164062 0.0333333
3 0.760547 0.548437 0.0257812 0.015625
2 0.833984 0.314063 0.00859375 0.0135417
2 0.724609 0.809896 0.0257812 0.0510417
1 0.308203 0.702604 0.0351562 0.0239583
3 0.444922 0.214583 0.0148437 0.0375
2 0.803516 0.261458 0.0101562 0.0166667
3 0.415234 0.0916667 0.0101562 0.025
2 0.788672 0.254687 0.0164062 0.0260417
1 0.5375 0.180729 0.03125 0.0239583
2 0.73125 0.745833 0.028125 0.0708333
2 0.776563 0.446875 0.03125 0.0541667
2 0.803516 0.311458 0.0164062 0.025
2 0.776953 0.252083 0.0179687 0.0229167
2 0.772656 0.328125 0.0375 0.04375
2 0.488672 0.444792 0.132031 0.1125
2 0.600391 0.296354 0.102344 0.078125
