3 0.421484 0.04375 0.00703125 0.0166667
2 0.80625 0.261458 0.0125 0.0166667
1 0.433984 0.101562 0.0101562 0.021875
3 0.445703 0.0973958 0.00859375 0.0260417
2 0.724219 0.810417 0.025 0.0520833
2 0.748047 0.282813 0.0367187 0.0427083
3 0.457031 0.0916667 0.009375 0.0291667
2 0.788672 0.254687 0.0164062 0.0239583
2 0.314063 0.714063 0.0703125 0.0552083
2 0.776953 0.252083 0.0179687 0.0229167
2 0.435547 0.5875 0.128906 0.10625
2 0.73125 0.746354 0.028125 0.071875
2 0.240234 0.431771 0.0445312 0.078125
2 0.548047 0.33125 0.114844 0.0875
