2 0.316406 0.694271 0.0703125 0.053125
3 0.398047 0.0557292 0.00546875 0.015625
2 0.300781 0.749479 0.1125 0.0552083
2 0.804688 0.261458 0.0109375 0.0166667
3 0.402734 0.040625 0.00546875 0.0145833
2 0.730469 0.745833 0.028125 0.0708333
1 0.357031 0.482812 0.0265625 0.053125
2 0.789062 0.254167 0.015625 0.0229167
2 0.752734 0.275521 0.0320312 0.0364583
2 0.8 0.277604 0.015625 0.021875
2 0.777344 0.252083 0.0171875 0.0229167
2 0.772656 0.322396 0.0265625 0.0364583
2 0.553906 0.653646 0.15 0.123958
2 0.394531 0.595833 0.125 0.102083
