2 0.787891 0.252604 0.0132813 0.0197917
2 0.796094 0.260938 0.0109375 0.0177083
3 0.387891 0.190104 0.0132813 0.028125
2 0.724609 0.810417 0.0257812 0.0520833
3 0.402344 0.146354 0.0109375 0.0260417
2 0.807031 0.261979 0.0140625 0.0197917
2 0.239844 0.432813 0.0453125 0.078125
1 0.307422 0.703125 0.0367187 0.0229167
2 0.730859 0.746354 0.0273438 0.071875
2 0.776953 0.251563 0.0179687 0.021875
3 0.424219 0.161979 0.0140625 0.034375
2 0.696484 0.741667 0.0351562 0.0833333
2 0.769922 0.281771 0.0242187 0.028125
2 0.464844 0.457812 0.1375 0.119792
