1 0.180859 0.684375 0.0132813 0.0270833
1 0.180859 0.51875 0.0179687 0.0416667
3 0.504297 0.0479167 0.00390625 0.0125
2 0.816016 0.373958 0.0226563 0.01875
1 0.191797 0.555729 0.0195312 0.040625
1 0.14375 0.643229 0.009375 0.0239583
2 0.814844 0.264062 0.009375 0.0135417
2 0.720312 0.240625 0.0375 0.0354167
1 0.151562 0.640625 0.0109375 0.0229167
2 0.833203 0.311979 0.00859375 0.0135417
2 0.789062 0.254687 0.0140625 0.021875
2 0.80625 0.261458 0.0109375 0.0166667
2 0.817578 0.282813 0.0101562 0.015625
2 0.240234 0.432813 0.0445312 0.0760417
2 0.810547 0.345833 0.0132813 0.025
2 0.777344 0.252083 0.0171875 0.0229167
2 0.73125 0.746875 0.028125 0.0708333
2 0.801562 0.282292 0.015625 0.0208333
2 0.784766 0.318229 0.0210938 0.0302083
2 0.330469 0.418229 0.090625 0.111458
2 0.532422 0.420312 0.127344 0.105208
