3 0.392969 0.211979 0.0125 0.0302083
1 0.683984 0.225 0.0179687 0.0208333
3 0.402734 0.176563 0.0101562 0.028125
3 0.373047 0.216667 0.0148437 0.04375
3 0.410547 0.180208 0.0117188 0.03125
2 0.724219 0.809375 0.025 0.0520833
2 0.810547 0.261979 0.0148437 0.0197917
2 0.239844 0.433333 0.0453125 0.0770833
1 0.176172 0.526563 0.0164062 0.0385417
2 0.788672 0.254687 0.0148437 0.021875
2 0.73125 0.746354 0.028125 0.071875
2 0.798047 0.282292 0.0164062 0.0229167
2 0.776953 0.252083 0.0179687 0.0229167
2 0.78125 0.319271 0.025 0.0322917
2 0.403906 0.391667 0.132812 0.129167
