2 0.728516 0.805208 0.0273438 0.0541667
3 0.416797 0.136458 0.00703125 0.025
3 0.423438 0.136458 0.0078125 0.025
3 0.422266 0.136979 0.00703125 0.0239583
3 0.598047 0.179167 0.0132813 0.025
3 0.409766 0.231771 0.0132813 0.0322917
3 0.409375 0.129167 0.0078125 0.0270833
3 0.438672 0.126042 0.00859375 0.03125
3 0.444922 0.135937 0.00859375 0.0260417
3 0.575781 0.164583 0.0125 0.0333333
3 0.442578 0.136458 0.00859375 0.025
3 0.425 0.135937 0.009375 0.0260417
1 0.307422 0.701563 0.0367187 0.021875
3 0.398828 0.0484375 0.00703125 0.0197917
3 0.409766 0.136458 0.00859375 0.0270833
3 0.689453 0.207813 0.0164062 0.0197917
2 0.777344 0.251563 0.0171875 0.0239583
3 0.423438 0.05625 0.00625 0.01875
2 0.240625 0.431771 0.04375 0.0760417
2 0.300781 0.75 0.109375 0.05625
2 0.789062 0.254687 0.015625 0.021875
3 0.452734 0.135417 0.00859375 0.0270833
3 0.417188 0.0572917 0.00625 0.0166667
2 0.730469 0.747396 0.028125 0.0697917
3 0.405469 0.258854 0.0203125 0.0364583
2 0.648438 0.574479 0.0875 0.105208
2 0.539062 0.534896 0.134375 0.121875
