2 0.777734 0.252083 0.0179687 0.0229167
2 0.266016 0.747917 0.0398437 0.0354167
2 0.728516 0.805208 0.0273438 0.0541667
2 0.789062 0.254687 0.0140625 0.0239583
3 0.732422 0.222396 0.0132813 0.0197917
3 0.558984 0.14375 0.0117188 0.0333333
2 0.301172 0.748958 0.108594 0.05625
1 0.499219 0.178646 0.0296875 0.0260417
3 0.549219 0.144792 0.0109375 0.03125
2 0.730469 0.747396 0.028125 0.0697917
2 0.283594 0.556771 0.0625 0.0739583
2 0.240625 0.431771 0.0453125 0.0760417
2 0.599219 0.515104 0.117188 0.113542
2 0.283594 0.459896 0.0671875 0.090625
2 0.56875 0.311458 0.10625 0.0791667
