1 0.233984 0.70625 0.0210938 0.0375
1 0.30625 0.702083 0.034375 0.0166667
3 0.588672 0.160938 0.0179687 0.0302083
1 0.339063 0.746354 0.028125 0.0447917
3 0.564844 0.171354 0.0125 0.0302083
1 0.238672 0.756771 0.0398437 0.0385417
1 0.295312 0.754167 0.025 0.04375
3 0.589453 0.16875 0.0148437 0.03125
2 0.709375 0.53125 0.0578125 0.0875
3 0.555469 0.165625 0.015625 0.0354167
2 0.707422 0.426562 0.0632813 0.0760417
2 0.304297 0.621354 0.0851562 0.0739583
2 0.672656 0.355208 0.0734375 0.0666667
2 0.487109 0.656771 0.127344 0.0927083
