1 0.151953 0.608854 0.0226563 0.0364583
1 0.207422 0.54375 0.0242187 0.04375
2 0.8125 0.280729 0.0125 0.0177083
1 0.307813 0.702604 0.034375 0.021875
2 0.455469 0.691667 0.1375 0.0916667
2 0.724219 0.809896 0.025 0.0510417
2 0.803516 0.260938 0.0101562 0.015625
2 0.789062 0.254167 0.015625 0.0229167
2 0.824609 0.298958 0.0101562 0.0145833
4 0.293359 0.53125 0.0914062 0.1
1 0.340234 0.745833 0.0320312 0.0458333
2 0.798047 0.280729 0.0148437 0.021875
2 0.776953 0.252083 0.0179687 0.0229167
2 0.673437 0.833333 0.0359375 0.0666667
2 0.8 0.313542 0.0171875 0.0270833
2 0.730859 0.745833 0.0273438 0.0708333
2 0.728516 0.245312 0.0335938 0.0322917
2 0.691797 0.364583 0.0664062 0.0645833
2 0.751562 0.276042 0.0328125 0.0375
2 0.599219 0.301562 0.114063 0.0802083
2 0.388281 0.613021 0.115625 0.0947917
