2 0.265625 0.748438 0.040625 0.034375
3 0.508203 0.0677083 0.00546875 0.0166667
2 0.835547 0.30625 0.00859375 0.0125
1 0.355469 0.48125 0.025 0.0479167
2 0.83125 0.315625 0.009375 0.0145833
2 0.241406 0.43125 0.04375 0.0770833
3 0.494531 0.0875 0.0078125 0.0270833
3 0.501562 0.084375 0.0078125 0.0270833
2 0.803516 0.261458 0.0101562 0.0166667
2 0.788672 0.255208 0.0164062 0.025
2 0.824219 0.326042 0.0109375 0.01875
2 0.73125 0.745833 0.028125 0.0708333
2 0.776953 0.252083 0.0179687 0.0229167
2 0.444922 0.366146 0.121094 0.107292
