3 0.415234 0.0390625 0.00703125 0.0177083
3 0.427734 0.155208 0.00859375 0.0270833
2 0.241406 0.432292 0.04375 0.075
2 0.789453 0.254167 0.0148437 0.0229167
1 0.306641 0.701563 0.0367187 0.021875
2 0.728516 0.805729 0.0273438 0.053125
3 0.432813 0.163021 0.009375 0.0260417
2 0.777734 0.251563 0.0179687 0.0239583
3 0.441406 0.152083 0.0109375 0.0291667
3 0.452344 0.15 0.0125 0.0354167
2 0.769922 0.275 0.0273438 0.03125
2 0.583594 0.61875 0.117188 0.116667
2 0.787891 0.319792 0.0320312 0.0395833
2 0.730859 0.747396 0.0273438 0.0697917
2 0.698828 0.766667 0.0320312 0.075
