1 0.385547 0.271354 0.0164062 0.0447917
1 0.683203 0.225521 0.0195312 0.0197917
1 0.203516 0.534375 0.0257812 0.0520833
3 0.401563 0.178125 0.0140625 0.0354167
3 0.408984 0.184375 0.0101562 0.03125
2 0.240234 0.431771 0.0429688 0.078125
3 0.721875 0.613021 0.028125 0.021875
2 0.803906 0.260417 0.0109375 0.0166667
1 0.307813 0.702604 0.034375 0.021875
2 0.816016 0.380729 0.0210938 0.034375
2 0.826563 0.321875 0.0109375 0.01875
2 0.73125 0.745833 0.028125 0.0708333
2 0.817187 0.3 0.0125 0.01875
2 0.789062 0.254167 0.015625 0.0229167
2 0.805078 0.282292 0.0148437 0.0229167
1 0.340625 0.746354 0.03125 0.0447917
2 0.776953 0.251563 0.0179687 0.0239583
2 0.769531 0.279687 0.0265625 0.034375
2 0.799609 0.357292 0.0257812 0.0395833
2 0.727734 0.245833 0.0335938 0.0333333
2 0.418359 0.376042 0.128906 0.11875
2 0.689062 0.360417 0.06875 0.0666667
2 0.496484 0.580729 0.132031 0.107292
