3 0.492188 0.0828125 0.009375 0.0239583
1 0.384766 0.271875 0.0164062 0.04375
3 0.56875 0.171354 0.0140625 0.028125
2 0.788672 0.254687 0.0164062 0.0239583
1 0.679688 0.160938 0.0171875 0.034375
3 0.510156 0.0760417 0.0078125 0.025
3 0.512109 0.096875 0.00859375 0.025
2 0.805859 0.260938 0.0117188 0.0177083
2 0.239844 0.432813 0.0453125 0.078125
1 0.376172 0.711979 0.0351562 0.034375
3 0.545313 0.165104 0.01875 0.0322917
1 0.307422 0.703646 0.0382813 0.0239583
3 0.503516 0.0984375 0.00859375 0.0260417
2 0.730859 0.746354 0.0273438 0.071875
3 0.587891 0.194271 0.0148437 0.028125
2 0.703906 0.279687 0.05625 0.046875
2 0.776953 0.252083 0.0179687 0.0229167
2 0.332422 0.626562 0.0882813 0.071875
2 0.516797 0.321875 0.111719 0.09375
