1 0.393359 0.277083 0.0273438 0.0333333
1 0.712891 0.889583 0.0289063 0.0395833
1 0.295312 0.753646 0.0234375 0.0427083
1 0.584766 0.765104 0.0226563 0.046875
1 0.180859 0.517708 0.0195312 0.0395833
1 0.310547 0.746875 0.0476562 0.0583333
3 0.671094 0.933333 0.0171875 0.01875
3 0.418359 0.142188 0.0101562 0.0302083
1 0.307422 0.702083 0.0367187 0.0208333
3 0.408984 0.144792 0.0117188 0.03125
3 0.433203 0.141146 0.0101562 0.028125
1 0.339453 0.746354 0.0304688 0.0447917
2 0.61875 0.604688 0.0921875 0.103125
2 0.383984 0.392708 0.124219 0.127083
