2 0.838672 0.331771 0.00859375 0.015625
2 0.83125 0.3125 0.009375 0.0145833
2 0.241016 0.431771 0.0429688 0.078125
1 0.306641 0.702083 0.0367187 0.0229167
2 0.815234 0.374479 0.0210938 0.0177083
2 0.789062 0.254687 0.015625 0.0239583
2 0.803906 0.261458 0.009375 0.0145833
2 0.820703 0.331771 0.0132813 0.0197917
2 0.730859 0.745833 0.0289063 0.0708333
1 0.340625 0.746354 0.0328125 0.046875
2 0.776953 0.252083 0.0179687 0.0229167
2 0.792969 0.281771 0.015625 0.021875
2 0.472656 0.567187 0.1375 0.115625
