3 0.510547 0.0765625 0.00703125 0.0260417
3 0.653125 0.225 0.0171875 0.0291667
1 0.462109 0.1625 0.0132813 0.0333333
1 0.307031 0.702083 0.0375 0.0229167
3 0.433203 0.103125 0.0117188 0.0291667
2 0.833203 0.310937 0.00859375 0.0114583
3 0.418359 0.103646 0.0117188 0.028125
3 0.526563 0.120833 0.0109375 0.0291667
2 0.828125 0.348437 0.0109375 0.0177083
2 0.80625 0.261458 0.0109375 0.0166667
3 0.535547 0.119792 0.0101562 0.0291667
2 0.788672 0.254687 0.0164062 0.0239583
2 0.240234 0.432292 0.0445312 0.0770833
2 0.776953 0.252083 0.0179687 0.0229167
2 0.73125 0.745833 0.028125 0.0708333
2 0.652734 0.776042 0.0445312 0.0833333
2 0.422656 0.683333 0.110937 0.0854167
