2 0.80625 0.261979 0.0109375 0.015625
3 0.289062 0.324479 0.0203125 0.028125
1 0.308203 0.703646 0.0382813 0.0260417
3 0.540625 0.140625 0.009375 0.0333333
3 0.533594 0.130729 0.009375 0.0260417
2 0.789062 0.254687 0.015625 0.0239583
2 0.735937 0.340625 0.0515625 0.0541667
2 0.646875 0.576042 0.0703125 0.0875
2 0.804297 0.305208 0.0164062 0.0229167
2 0.73125 0.746354 0.028125 0.071875
2 0.721094 0.435937 0.05625 0.0739583
2 0.776953 0.252083 0.0179687 0.0229167
2 0.239844 0.432813 0.0453125 0.078125
2 0.430859 0.592708 0.122656 0.0979167
2 0.563672 0.316667 0.103906 0.075
