1 0.585156 0.764063 0.021875 0.046875
2 0.815234 0.373958 0.0210938 0.0166667
2 0.811719 0.3375 0.0125 0.0208333
2 0.724609 0.809896 0.0257812 0.053125
1 0.307422 0.703125 0.0351562 0.0229167
3 0.423828 0.119271 0.0101562 0.0302083
1 0.561719 0.747917 0.0234375 0.0520833
2 0.805859 0.260938 0.0117188 0.0177083
1 0.683984 0.225 0.0195312 0.0208333
2 0.789062 0.254687 0.015625 0.0239583
2 0.240234 0.432292 0.0445312 0.0791667
2 0.776953 0.252083 0.0179687 0.0229167
2 0.73125 0.745833 0.028125 0.0708333
2 0.521484 0.541667 0.133594 0.11875
