1 0.56875 0.961979 0.0328125 0.0177083
2 0.190625 0.716667 0.021875 0.0416667
2 0.217187 0.551562 0.0296875 0.0760417
1 0.406641 0.0739583 0.0148437 0.01875
2 0.779688 0.511458 0.0515625 0.08125
2 0.201953 0.648438 0.0273438 0.065625
2 0.447656 0.841146 0.0765625 0.0510417
2 0.178516 0.676042 0.0195312 0.05
3 0.341016 0.0958333 0.0101562 0.025
2 0.8375 0.625521 0.0125 0.0197917
2 0.816016 0.585938 0.0179687 0.0302083
2 0.211328 0.1625 0.0117188 0.0208333
2 0.217969 0.184375 0.0140625 0.025
2 0.789062 0.644271 0.021875 0.0322917
4 0.551172 0.0796875 0.0617188 0.0302083
2 0.726562 0.179167 0.0265625 0.0270833
2 0.349219 0.127604 0.05 0.0364583
2 0.609375 0.132292 0.05625 0.0354167
2 0.517969 0.803125 0.071875 0.0604167
2 0.215625 0.386458 0.04375 0.1125
2 0.414062 0.315104 0.1125 0.119792
