3 0.219922 0.322396 0.0210938 0.0177083
3 0.222266 0.33125 0.0195312 0.01875
2 0.195312 0.730729 0.01875 0.0364583
2 0.736328 0.23125 0.0304688 0.0354167
3 0.224609 0.297396 0.0164062 0.015625
3 0.313281 0.177083 0.015625 0.0229167
2 0.222266 0.145833 0.0117188 0.0166667
3 0.233203 0.276563 0.0210938 0.0239583
1 0.330469 0.158333 0.021875 0.0354167
2 0.239063 0.189063 0.021875 0.034375
2 0.248828 0.205729 0.0273438 0.040625
2 0.763672 0.186979 0.0179687 0.0239583
2 0.212109 0.177604 0.0132813 0.021875
2 0.271484 0.170833 0.0242187 0.03125
2 0.201953 0.625 0.0273438 0.0625
2 0.78125 0.522396 0.0296875 0.059375
2 0.217578 0.528646 0.0351562 0.0864583
2 0.235156 0.6125 0.0421875 0.09375
2 0.433594 0.101562 0.0671875 0.046875
2 0.506641 0.382292 0.114844 0.120833
