1 0.445703 0.0671875 0.0164062 0.0197917
2 0.696484 0.821354 0.0320312 0.0302083
2 0.836328 0.671875 0.00859375 0.0125
2 0.186719 0.725 0.015625 0.0291667
2 0.830078 0.63125 0.0117188 0.0208333
2 0.236719 0.114583 0.009375 0.0125
2 0.226953 0.126563 0.0101562 0.0114583
2 0.222656 0.139062 0.009375 0.0135417
2 0.270703 0.114063 0.0164062 0.0177083
2 0.254687 0.111979 0.0125 0.015625
2 0.246484 0.129688 0.0132813 0.015625
2 0.253125 0.154687 0.01875 0.0239583
2 0.309375 0.11875 0.0265625 0.0229167
2 0.745313 0.1625 0.0234375 0.025
2 0.291406 0.186979 0.0359375 0.0364583
2 0.469922 0.0921875 0.0617188 0.0364583
2 0.653516 0.134375 0.0460938 0.0333333
2 0.550781 0.196354 0.10625 0.0614583
