2 0.787891 0.529167 0.0257812 0.0541667
2 0.704687 0.780208 0.0359375 0.0541667
2 0.215625 0.720312 0.0234375 0.0447917
2 0.752734 0.540625 0.0429688 0.0625
2 0.448828 0.840625 0.0742188 0.05
2 0.25625 0.159896 0.021875 0.0302083
2 0.269531 0.171354 0.025 0.0322917
2 0.233984 0.176563 0.0195312 0.028125
2 0.245703 0.202083 0.0242187 0.0375
2 0.673828 0.118229 0.0351562 0.0260417
2 0.753125 0.159375 0.03125 0.0354167
2 0.480859 0.0958333 0.0742188 0.04375
2 0.517969 0.802604 0.071875 0.059375
2 0.564062 0.103125 0.059375 0.0375
2 0.443359 0.253125 0.0929687 0.09375
2 0.408984 0.171354 0.0835937 0.0802083
2 0.317187 0.585938 0.065625 0.103125
