3 0.419141 0.0958333 0.00859375 0.025
3 0.458203 0.0692708 0.00703125 0.0239583
3 0.421094 0.0760417 0.009375 0.0229167
2 0.262891 0.666146 0.0414063 0.0677083
3 0.557813 0.0578125 0.0078125 0.0239583
2 0.202734 0.627604 0.0289063 0.0614583
2 0.218359 0.715104 0.0257812 0.053125
2 0.223438 0.652083 0.0265625 0.0604167
2 0.781641 0.522917 0.0304688 0.0583333
2 0.614062 0.210417 0.053125 0.11875
2 0.530859 0.0770833 0.0539063 0.0333333
2 0.216016 0.540104 0.0335938 0.0822917
2 0.406641 0.133333 0.0664062 0.05625
2 0.496875 0.119271 0.071875 0.053125
