2 0.616406 0.146875 0.0625 0.05625
3 0.401563 0.0921875 0.0078125 0.0239583
3 0.409766 0.090625 0.00859375 0.025
2 0.448438 0.840104 0.075 0.0510417
2 0.770312 0.504167 0.0375 0.0666667
2 0.216797 0.564062 0.0304688 0.0739583
4 0.616797 0.146354 0.0617188 0.0552083
2 0.240625 0.192708 0.0203125 0.03125
2 0.556641 0.0833333 0.0507812 0.0291667
2 0.244141 0.603646 0.0382813 0.0802083
2 0.594141 0.10625 0.0539063 0.0291667
2 0.517969 0.802604 0.071875 0.0614583
2 0.262891 0.378646 0.0523437 0.113542
