2 0.530859 0.914583 0.0476562 0.0291667
2 0.2375 0.142188 0.0140625 0.0177083
4 0.687109 0.155729 0.0679687 0.0677083
1 0.406641 0.0739583 0.0148437 0.0208333
4 0.230469 0.232292 0.025 0.04375
2 0.241406 0.190104 0.0203125 0.028125
2 0.233984 0.176563 0.0179687 0.0239583
2 0.245312 0.148958 0.0171875 0.0229167
2 0.226172 0.168229 0.0164062 0.021875
2 0.253516 0.15625 0.0195312 0.025
2 0.75 0.151562 0.0203125 0.021875
2 0.270312 0.171354 0.0265625 0.0322917
2 0.253125 0.211979 0.0296875 0.0427083
2 0.785156 0.523438 0.034375 0.0635417
2 0.75 0.425521 0.0484375 0.101042
2 0.537109 0.213542 0.0945313 0.075
