3 0.412109 0.0864583 0.0101562 0.0229167
3 0.767187 0.309896 0.021875 0.0239583
3 0.776563 0.351042 0.0234375 0.0166667
3 0.404297 0.0875 0.0101562 0.0270833
1 0.755469 0.418229 0.0265625 0.0197917
2 0.205078 0.627604 0.0257812 0.0635417
2 0.748828 0.177083 0.0210938 0.025
2 0.661328 0.0984375 0.0398437 0.0260417
2 0.772266 0.504687 0.0320312 0.065625
2 0.221484 0.547396 0.0335938 0.084375
2 0.588672 0.106771 0.0617188 0.0364583
2 0.287109 0.627083 0.0492188 0.0916667
2 0.23125 0.626562 0.04375 0.0885417
