3 0.261719 0.242708 0.015625 0.025
3 0.264453 0.238542 0.0164062 0.0229167
2 0.751562 0.185417 0.0234375 0.0270833
2 0.776953 0.661458 0.0304688 0.0520833
3 0.239844 0.279687 0.01875 0.0197917
3 0.251563 0.259896 0.0171875 0.0239583
3 0.294922 0.183854 0.0164062 0.0239583
2 0.185937 0.621875 0.0171875 0.0479167
3 0.286719 0.203125 0.015625 0.025
2 0.830469 0.615104 0.015625 0.0260417
2 0.257422 0.214583 0.0273438 0.0416667
2 0.652344 0.246875 0.075 0.0666667
2 0.516016 0.215104 0.0914062 0.0739583
