2 0.177734 0.65625 0.0179687 0.05
2 0.183203 0.711458 0.0195312 0.04375
1 0.406641 0.0739583 0.0164062 0.0208333
2 0.205469 0.619792 0.0265625 0.06875
2 0.225 0.126563 0.009375 0.0135417
2 0.448828 0.841146 0.0742188 0.0510417
2 0.66875 0.197396 0.065625 0.0489583
2 0.223438 0.524479 0.0328125 0.084375
2 0.244531 0.1125 0.0125 0.0166667
2 0.222656 0.157813 0.0125 0.0177083
2 0.277344 0.116667 0.0171875 0.01875
2 0.696094 0.140625 0.034375 0.03125
2 0.6625 0.1125 0.0375 0.0270833
2 0.653125 0.136458 0.04375 0.0291667
2 0.537891 0.0859375 0.0601562 0.0302083
2 0.340234 0.127604 0.0648438 0.046875
2 0.605859 0.104167 0.0539063 0.03125
2 0.517969 0.803125 0.071875 0.0604167
2 0.349609 0.194792 0.0648438 0.04375
2 0.486328 0.439063 0.127344 0.134375
