1 0.596484 0.708854 0.0210938 0.0447917
1 0.624219 0.723958 0.0171875 0.03125
3 0.766797 0.359896 0.0195312 0.0177083
3 0.764453 0.339583 0.0195312 0.0208333
2 0.194141 0.73125 0.0179687 0.0354167
1 0.202734 0.608854 0.0179687 0.0239583
2 0.704297 0.113021 0.0273438 0.0239583
2 0.202734 0.670833 0.0195312 0.05
2 0.221094 0.683854 0.021875 0.053125
2 0.635938 0.0895833 0.0390625 0.025
2 0.75 0.160938 0.0234375 0.0239583
2 0.213281 0.559375 0.0296875 0.0791667
2 0.257812 0.675521 0.040625 0.0739583
2 0.266797 0.221354 0.0289063 0.040625
2 0.560156 0.0796875 0.0546875 0.0302083
2 0.638672 0.134375 0.0492188 0.0333333
2 0.234766 0.613542 0.0320312 0.0729167
2 0.771484 0.504687 0.0335938 0.065625
2 0.600781 0.105208 0.053125 0.03125
2 0.578125 0.488542 0.110937 0.122917
