2 0.234766 0.269792 0.0304688 0.0666667
1 0.216016 0.415104 0.0304688 0.040625
1 0.407031 0.0734375 0.015625 0.0197917
2 0.223047 0.524479 0.0320312 0.084375
2 0.178125 0.676042 0.021875 0.0541667
2 0.205469 0.619792 0.0265625 0.0666667
2 0.448828 0.840625 0.0742188 0.05
2 0.754297 0.153646 0.0179687 0.021875
2 0.248437 0.160417 0.01875 0.0270833
2 0.716797 0.132292 0.0273438 0.0229167
2 0.214062 0.175 0.0140625 0.0208333
2 0.7125 0.146354 0.0296875 0.0260417
2 0.283203 0.179688 0.0351562 0.0427083
2 0.537109 0.0828125 0.0742188 0.0364583
2 0.623047 0.0901042 0.0429688 0.0239583
2 0.653125 0.135937 0.04375 0.0302083
2 0.420703 0.149479 0.0585938 0.0447917
2 0.517969 0.803125 0.071875 0.0625
2 0.502734 0.271875 0.111719 0.10625
