2 0.531641 0.914062 0.0492188 0.0302083
4 0.226562 0.635417 0.0515625 0.110417
2 0.226562 0.635417 0.0515625 0.110417
2 0.194922 0.731771 0.0195312 0.0322917
2 0.21875 0.15625 0.0125 0.0166667
2 0.242578 0.148438 0.0164062 0.021875
2 0.255469 0.164062 0.0203125 0.0260417
2 0.273047 0.175 0.0257812 0.0333333
2 0.623047 0.0880208 0.0539063 0.0322917
2 0.204688 0.397396 0.0390625 0.105208
2 0.250391 0.219792 0.0242187 0.0375
2 0.307813 0.195833 0.0453125 0.0479167
2 0.5625 0.271354 0.0984375 0.0989583
