2 0.83125 0.620313 0.0140625 0.0260417
2 0.248828 0.735937 0.0304688 0.046875
2 0.215625 0.732292 0.0234375 0.0375
2 0.233984 0.257292 0.0242187 0.05
2 0.221875 0.689062 0.028125 0.053125
2 0.257812 0.161979 0.0203125 0.0260417
2 0.224219 0.157813 0.0140625 0.0197917
2 0.786328 0.526042 0.0351562 0.0645833
2 0.214453 0.183333 0.0148437 0.025
2 0.276953 0.177083 0.0320312 0.0395833
2 0.273828 0.641146 0.0585938 0.101042
2 0.233203 0.607813 0.0335938 0.0760417
2 0.582422 0.106771 0.0539063 0.0322917
2 0.607031 0.247917 0.0515625 0.11875
2 0.278516 0.319271 0.0554687 0.101042
