2 0.213672 0.772917 0.0179687 0.03125
2 0.628125 0.0875 0.0421875 0.0270833
2 0.248828 0.733333 0.0257812 0.04375
2 0.672266 0.0994792 0.0320312 0.0239583
2 0.208984 0.146875 0.00859375 0.0125
2 0.229687 0.118229 0.009375 0.0114583
2 0.233203 0.616667 0.0304688 0.0770833
2 0.709375 0.115104 0.0265625 0.0239583
2 0.214062 0.189583 0.015625 0.025
2 0.705078 0.220833 0.0445312 0.04375
2 0.215234 0.710417 0.0257812 0.0520833
2 0.220703 0.154167 0.0117188 0.0166667
2 0.273047 0.127604 0.0210938 0.0239583
2 0.805859 0.615625 0.0257812 0.0395833
2 0.498828 0.0890625 0.0664062 0.0385417
2 0.316797 0.598958 0.0773437 0.108333
2 0.771484 0.504687 0.0335938 0.065625
2 0.498047 0.120833 0.0757812 0.0479167
2 0.357812 0.352083 0.0953125 0.125
