2 0.207813 0.148958 0.0078125 0.0104167
2 0.180078 0.677604 0.0210938 0.0447917
1 0.183594 0.527604 0.0203125 0.0614583
2 0.191016 0.720312 0.0242187 0.034375
2 0.232031 0.141146 0.0125 0.0177083
2 0.694922 0.176563 0.0398437 0.0385417
2 0.232031 0.2375 0.0234375 0.04375
2 0.783984 0.585417 0.0320312 0.05
2 0.259766 0.216667 0.0273438 0.0395833
2 0.807422 0.560938 0.0273438 0.046875
2 0.65 0.133854 0.0484375 0.0364583
2 0.234375 0.301042 0.0296875 0.08125
2 0.782031 0.517708 0.0359375 0.0583333
2 0.288281 0.465625 0.075 0.120833
