2 0.53125 0.914583 0.0484375 0.0291667
4 0.689062 0.543229 0.078125 0.146875
2 0.689062 0.542708 0.078125 0.147917
2 0.758203 0.148438 0.0164062 0.0197917
4 0.246094 0.384375 0.05625 0.122917
2 0.188672 0.664062 0.0195312 0.053125
4 0.226953 0.632292 0.0492188 0.102083
2 0.247266 0.736458 0.0273438 0.04375
2 0.246094 0.384375 0.05625 0.122917
2 0.788672 0.532812 0.0320312 0.059375
2 0.776172 0.577604 0.0398437 0.0614583
2 0.266406 0.679688 0.0390625 0.065625
2 0.253125 0.205208 0.0265625 0.0416667
2 0.604688 0.295833 0.065625 0.135417
2 0.540625 0.0822917 0.05625 0.0333333
