1 0.519141 0.0609375 0.0117188 0.028125
3 0.205078 0.349479 0.0179687 0.0135417
3 0.583594 0.0546875 0.0078125 0.0197917
2 0.215234 0.149479 0.0101562 0.0135417
2 0.196484 0.73125 0.0164062 0.0333333
2 0.238281 0.115625 0.0109375 0.0145833
2 0.219531 0.15625 0.0125 0.0166667
2 0.212109 0.557813 0.0335938 0.0802083
2 0.225781 0.166667 0.0140625 0.0208333
3 0.233594 0.300521 0.01875 0.0177083
2 0.232812 0.172917 0.0171875 0.0229167
2 0.238672 0.188542 0.0210938 0.0291667
1 0.253516 0.263542 0.0210938 0.0375
2 0.271094 0.170833 0.025 0.03125
2 0.248828 0.205729 0.0289063 0.040625
2 0.78125 0.522917 0.0296875 0.0604167
2 0.229297 0.247917 0.0242187 0.0458333
2 0.650781 0.134375 0.0578125 0.0416667
2 0.58125 0.274479 0.0609375 0.126042
2 0.297656 0.277083 0.0578125 0.1
