3 0.500391 0.110937 0.0101562 0.028125
1 0.40625 0.0760417 0.0140625 0.0166667
2 0.772266 0.177083 0.0148437 0.01875
2 0.177734 0.661979 0.0210938 0.0489583
2 0.449609 0.841146 0.0726563 0.0510417
2 0.280469 0.182812 0.0296875 0.0385417
1 0.199609 0.444271 0.0195312 0.0364583
2 0.689453 0.593229 0.0695312 0.078125
2 0.224609 0.167187 0.0148437 0.021875
2 0.234375 0.18125 0.0203125 0.0291667
2 0.232422 0.141146 0.0148437 0.0197917
2 0.350391 0.126042 0.0398437 0.03125
2 0.65 0.0947917 0.0375 0.025
2 0.528906 0.0854167 0.05625 0.0291667
2 0.596094 0.0807292 0.04375 0.0260417
2 0.696484 0.140625 0.0445312 0.0354167
2 0.336719 0.163542 0.0421875 0.0395833
2 0.517969 0.803125 0.071875 0.0604167
2 0.266016 0.232812 0.0398437 0.0552083
2 0.517187 0.461458 0.120312 0.125
