2 0.708984 0.770312 0.0320312 0.0302083
2 0.728125 0.734896 0.0234375 0.034375
2 0.723437 0.781771 0.028125 0.0260417
2 0.176563 0.632292 0.0203125 0.0604167
2 0.248828 0.155729 0.0179687 0.0239583
2 0.823438 0.601042 0.0171875 0.0291667
2 0.195312 0.533854 0.0296875 0.0760417
2 0.260156 0.164583 0.0171875 0.025
2 0.233594 0.122396 0.0109375 0.0135417
2 0.233984 0.142708 0.0117188 0.0166667
2 0.276172 0.171354 0.0273438 0.034375
2 0.213281 0.16875 0.0109375 0.0166667
2 0.798828 0.607813 0.0226563 0.034375
2 0.257422 0.211458 0.0257812 0.0375
2 0.234375 0.252083 0.0265625 0.05
2 0.303125 0.304688 0.071875 0.119792
