3 0.301953 0.190625 0.0164062 0.0270833
3 0.314453 0.177604 0.0195312 0.028125
1 0.314453 0.177604 0.0195312 0.028125
3 0.212109 0.315625 0.0179687 0.0166667
1 0.407422 0.0739583 0.0164062 0.0208333
2 0.792969 0.551562 0.025 0.0489583
2 0.812891 0.578646 0.0179687 0.034375
2 0.448828 0.840625 0.0757812 0.05
2 0.769531 0.501562 0.0375 0.0677083
2 0.222656 0.157813 0.0125 0.0197917
2 0.735937 0.132812 0.01875 0.0197917
2 0.691406 0.125521 0.03125 0.021875
2 0.251172 0.155729 0.0210938 0.028125
2 0.225391 0.225521 0.0226563 0.0385417
2 0.590234 0.0817708 0.0570313 0.0322917
2 0.271484 0.174479 0.0273438 0.034375
2 0.215625 0.4 0.03125 0.08125
2 0.251563 0.210417 0.025 0.0395833
2 0.517578 0.803646 0.0726563 0.0614583
2 0.474609 0.144271 0.0773437 0.0572917
2 0.278906 0.333854 0.059375 0.111458
2 0.366016 0.161979 0.0710938 0.0760417
2 0.392969 0.329688 0.1 0.117708
