1 0.407031 0.0734375 0.0171875 0.0197917
3 0.447656 0.078125 0.0078125 0.025
2 0.828906 0.669271 0.009375 0.0177083
2 0.447656 0.841146 0.0765625 0.0510417
2 0.273047 0.176563 0.0273438 0.034375
2 0.834766 0.624479 0.00859375 0.0177083
2 0.224609 0.208333 0.0164062 0.0270833
2 0.580078 0.105208 0.0632813 0.0375
2 0.227344 0.616667 0.0546875 0.1125
2 0.568359 0.0786458 0.0632813 0.0302083
2 0.610547 0.147917 0.0570313 0.04375
2 0.517578 0.803125 0.0726563 0.0604167
2 0.585938 0.261458 0.05625 0.120833
