1 0.568359 0.9625 0.0335938 0.01875
2 0.845703 0.651563 0.0117188 0.0197917
2 0.404687 0.86875 0.0734375 0.0479167
1 0.408594 0.0734375 0.0171875 0.0197917
2 0.218359 0.697396 0.0304688 0.0552083
2 0.70625 0.447917 0.059375 0.141667
2 0.742969 0.117188 0.0140625 0.0177083
2 0.201172 0.661458 0.0273438 0.075
3 0.389844 0.0932292 0.009375 0.0239583
4 0.359766 0.206771 0.0914062 0.101042
2 0.448438 0.840625 0.075 0.05
2 0.725391 0.122396 0.0226563 0.0239583
2 0.359766 0.206771 0.0914062 0.101042
2 0.698047 0.110937 0.0242187 0.021875
2 0.753906 0.155208 0.01875 0.0208333
2 0.65625 0.0942708 0.04375 0.0322917
2 0.214844 0.556771 0.0328125 0.0760417
2 0.53125 0.1125 0.075 0.0479167
2 0.601953 0.0833333 0.0445312 0.025
2 0.521484 0.0864583 0.0648438 0.0375
2 0.517969 0.803125 0.071875 0.0604167
2 0.303516 0.440104 0.0757812 0.117708
