1 0.40625 0.0739583 0.015625 0.01875
1 0.498828 0.928125 0.0382813 0.025
2 0.758594 0.183333 0.0203125 0.025
2 0.829687 0.669792 0.0109375 0.0166667
2 0.810547 0.659896 0.0148437 0.021875
2 0.448438 0.841146 0.075 0.0510417
4 0.620313 0.131771 0.065625 0.040625
2 0.620313 0.131771 0.065625 0.040625
2 0.836328 0.628125 0.0132813 0.0208333
2 0.222656 0.676562 0.0296875 0.0572917
2 0.564844 0.0807292 0.0578125 0.0322917
2 0.726172 0.329688 0.0476562 0.111458
2 0.429297 0.1 0.0695312 0.05
2 0.517969 0.802604 0.071875 0.0614583
2 0.327734 0.583854 0.0882813 0.107292
