3 0.678125 0.535937 0.0359375 0.0177083
2 0.402734 0.870833 0.0773437 0.0520833
1 0.739844 0.697917 0.046875 0.0791667
2 0.246484 0.736979 0.0289063 0.0447917
1 0.666016 0.513542 0.0304688 0.0270833
3 0.66875 0.572396 0.028125 0.0177083
2 0.192188 0.607813 0.0234375 0.0739583
3 0.665625 0.555729 0.03125 0.0197917
2 0.739453 0.698438 0.0476562 0.0802083
2 0.448438 0.841667 0.075 0.0520833
2 0.269141 0.658854 0.0492188 0.078125
2 0.636719 0.132812 0.0484375 0.0322917
2 0.213281 0.733854 0.0234375 0.040625
2 0.256641 0.158854 0.0226563 0.028125
2 0.240625 0.186979 0.021875 0.0322917
2 0.752734 0.540104 0.0429688 0.0635417
2 0.663672 0.0973958 0.0335938 0.0239583
2 0.269531 0.171354 0.025 0.0322917
2 0.249219 0.205729 0.0265625 0.0385417
2 0.772656 0.5 0.034375 0.0666667
2 0.517969 0.803125 0.071875 0.0604167
2 0.421484 0.529167 0.138281 0.102083
2 0.295312 0.29375 0.0796875 0.127083
2 0.350781 0.376563 0.096875 0.121875
