2 0.216797 0.772917 0.0164062 0.0270833
2 0.198047 0.741667 0.0148437 0.0291667
1 0.40625 0.075 0.015625 0.01875
2 0.179688 0.655208 0.015625 0.04375
2 0.796875 0.655729 0.0234375 0.0322917
3 0.659766 0.204688 0.0195312 0.028125
2 0.245703 0.114063 0.0117188 0.0135417
2 0.769531 0.575 0.0359375 0.05
3 0.666406 0.214062 0.015625 0.028125
2 0.247266 0.152604 0.0179687 0.0239583
2 0.262109 0.161979 0.0195312 0.0239583
2 0.541797 0.0864583 0.0539063 0.03125
2 0.242578 0.193229 0.0210938 0.0322917
2 0.284766 0.182812 0.0304688 0.034375
2 0.283594 0.253125 0.04375 0.0583333
2 0.351172 0.122917 0.0507812 0.0395833
2 0.517187 0.20625 0.096875 0.0770833
2 0.499609 0.4625 0.127344 0.133333
