2 0.184766 0.717188 0.0179687 0.034375
2 0.218359 0.6875 0.0257812 0.05
1 0.445312 0.0671875 0.0140625 0.021875
4 0.218359 0.686979 0.0257812 0.0510417
2 0.765625 0.156771 0.015625 0.0197917
1 0.580469 0.10625 0.025 0.01875
2 0.782031 0.520312 0.0375 0.0635417
2 0.688672 0.176563 0.0414063 0.034375
2 0.310547 0.185937 0.0445312 0.0385417
2 0.677734 0.140104 0.0398437 0.0302083
2 0.629297 0.132292 0.0539063 0.0354167
2 0.232422 0.615104 0.0320312 0.0697917
2 0.213672 0.563021 0.0320312 0.0802083
2 0.559766 0.217187 0.0882813 0.0635417
