2 0.215625 0.567708 0.028125 0.0645833
1 0.405469 0.0744792 0.0140625 0.0177083
1 0.200781 0.758333 0.0140625 0.025
1 0.834375 0.638542 0.009375 0.0166667
1 0.420703 0.0869792 0.0117188 0.0197917
2 0.667188 0.128646 0.0671875 0.0489583
2 0.735547 0.154687 0.0257812 0.028125
2 0.235156 0.142188 0.0140625 0.0177083
2 0.241016 0.151042 0.0164062 0.0208333
2 0.254297 0.159375 0.0195312 0.0229167
2 0.226953 0.175521 0.0164062 0.0239583
2 0.269531 0.174479 0.025 0.0322917
2 0.316016 0.117708 0.0320312 0.0291667
2 0.544922 0.0828125 0.0492188 0.028125
2 0.775781 0.509896 0.034375 0.0635417
2 0.330078 0.222917 0.0570313 0.0625
2 0.398828 0.372917 0.113281 0.120833
